0:
##.
.##
..#

1:
###
.##
##.

2:
#.#
###
#.#

3:
###
#..
###

4:
###
###
..#

5:
###
##.
#..

40x42: 38 37 45 42 54 41
45x48: 53 49 60 66 43 62
49x48: 50 42 35 40 40 48
48x48: 48 40 30 38 50 49
45x48: 39 57 64 51 54 64
43x41: 35 30 33 28 31 25
45x38: 35 50 45 46 45 39
41x50: 63 40 52 59 55 49
35x36: 33 33 37 35 27 29
41x36: 27 28 30 30 18 23
37x37: 25 22 24 20 25 28
42x35: 30 23 26 24 25 25
43x42: 32 33 40 27 32 31
41x41: 29 36 31 23 30 19
42x35: 26 32 18 32 23 23
42x47: 39 36 32 26 37 40
42x47: 47 50 58 49 49 50
43x39: 43 41 40 37 50 48
40x41: 38 49 46 35 43 40
38x47: 31 24 30 38 26 30
40x46: 60 47 52 41 47 39
40x35: 19 30 23 30 21 20
48x47: 51 59 59 60 62 54
42x46: 40 31 37 35 36 30
38x47: 45 55 38 40 51 46
37x48: 29 33 40 20 29 41
47x48: 57 66 55 50 63 56
44x43: 27 33 34 35 31 35
41x40: 37 39 55 39 41 40
46x44: 36 34 30 28 38 43
37x39: 24 32 29 24 25 22
40x48: 37 34 39 29 34 35
36x49: 34 27 29 25 35 41
42x50: 39 31 40 52 29 32
40x35: 30 18 16 31 25 23
48x48: 55 48 75 62 47 68
43x44: 46 59 41 41 46 59
37x47: 31 36 57 41 54 45
35x50: 30 27 34 30 28 27
44x49: 48 60 61 50 54 57
48x48: 43 43 44 35 49 41
36x41: 29 22 25 23 27 30
45x43: 55 61 43 42 53 45
37x38: 39 37 40 32 29 41
47x35: 47 37 43 47 42 38
47x49: 46 38 47 28 39 42
47x37: 33 30 24 25 36 31
50x45: 29 48 39 41 33 50
47x38: 31 38 51 51 47 54
42x41: 27 34 30 30 35 25
48x46: 69 69 53 50 42 61
39x46: 57 46 53 42 39 42
46x45: 37 42 33 39 33 40
43x49: 47 51 52 63 52 58
45x37: 32 29 31 38 27 23
39x40: 27 34 29 32 26 21
39x48: 42 28 35 33 38 31
35x39: 43 31 32 38 32 37
46x39: 40 61 46 34 52 41
46x42: 54 46 60 48 39 52
36x44: 24 41 29 26 24 24
36x38: 27 28 27 19 18 24
50x50: 61 67 72 62 59 63
42x42: 32 36 33 26 39 30
47x50: 55 51 69 76 51 58
50x44: 39 49 34 36 37 28
40x38: 48 36 38 40 35 40
38x37: 28 39 39 37 37 34
39x35: 42 34 25 27 44 41
42x49: 48 45 61 55 58 48
37x48: 36 31 39 23 32 30
44x46: 43 64 46 55 49 52
39x41: 18 27 28 22 35 39
44x45: 38 27 33 39 34 39
50x43: 52 58 61 49 56 54
44x49: 36 48 42 24 42 32
47x40: 35 28 31 40 26 34
35x49: 29 36 25 31 26 29
48x37: 23 36 38 41 28 26
44x45: 32 28 30 35 43 42
42x39: 31 40 28 25 23 34
38x49: 28 34 32 30 30 38
39x50: 51 56 39 48 47 61
44x48: 44 33 31 38 37 41
43x43: 44 41 42 57 56 43
44x49: 49 53 76 45 52 55
43x47: 41 34 35 33 31 35
47x41: 38 48 53 50 52 53
47x41: 31 25 35 43 34 27
40x47: 28 35 30 32 38 31
39x50: 54 48 46 49 64 39
45x50: 44 46 37 33 31 48
35x39: 26 21 18 31 26 21
50x46: 46 47 34 40 38 34
44x42: 48 42 45 44 51 56
38x41: 22 16 32 30 29 27
36x38: 15 24 18 18 34 35
45x45: 50 53 56 51 56 44
45x46: 34 37 36 45 39 34
46x39: 39 32 30 35 23 35
50x41: 56 49 62 58 36 56
50x48: 53 62 69 57 58 69
45x35: 23 35 29 24 28 26
45x46: 28 41 34 38 45 39
38x43: 51 46 41 35 41 40
40x38: 22 30 25 30 24 24
35x42: 16 22 19 22 29 45
46x47: 26 31 43 40 41 43
40x40: 22 32 31 27 29 27
45x38: 32 29 27 36 24 31
47x47: 32 40 39 38 33 42
36x38: 36 38 33 39 25 41
49x39: 49 58 44 50 40 54
49x38: 46 53 53 55 40 38
48x36: 44 38 38 47 61 37
48x40: 35 34 31 38 34 36
37x37: 20 18 29 29 23 25
45x41: 29 39 30 25 35 37
39x42: 51 31 37 45 42 50
37x46: 37 30 27 26 30 29
49x45: 50 52 58 59 59 60
49x40: 40 31 32 37 30 38
45x36: 44 32 41 46 48 39
39x37: 21 25 32 27 19 32
45x43: 38 33 33 43 24 39
50x37: 69 39 35 46 49 54
50x48: 37 44 38 45 40 52
41x40: 27 20 32 27 30 33
37x43: 29 20 24 31 37 26
50x50: 70 55 58 65 71 68
50x40: 22 29 34 41 40 42
45x42: 37 32 53 57 59 50
44x47: 41 50 55 52 57 61
43x44: 51 54 46 49 44 48
41x43: 39 52 47 45 41 46
45x40: 53 36 54 43 47 46
45x45: 39 39 29 31 34 52
48x45: 57 41 61 62 63 48
37x49: 29 33 29 29 38 34
41x43: 35 40 29 24 23 31
35x36: 31 15 25 20 21 19
42x36: 25 29 24 31 30 28
45x45: 28 27 47 31 46 45
48x37: 53 53 31 49 48 41
45x48: 55 54 44 61 54 66
37x48: 37 30 36 37 29 23
50x46: 54 56 58 58 60 68
38x38: 28 15 29 27 18 26
45x41: 28 31 38 27 27 44
46x48: 59 80 49 43 46 65
50x50: 33 53 42 40 47 40
36x39: 33 41 45 31 31 34
50x45: 54 60 68 57 62 42
43x44: 23 23 37 41 36 36
50x47: 30 36 47 45 39 42
45x36: 27 31 35 25 27 34
36x48: 45 45 48 41 38 50
50x39: 37 29 40 32 31 38
40x40: 48 39 42 36 44 39
38x50: 28 30 44 34 29 27
47x46: 45 40 28 36 27 48
44x47: 73 46 51 50 57 46
42x36: 31 31 27 21 30 28
43x46: 42 38 39 29 26 36
49x38: 57 54 34 44 56 44
37x43: 28 30 34 21 31 24
49x43: 40 36 29 46 34 38
45x43: 52 57 53 58 38 39
37x38: 21 18 22 26 23 34
36x46: 44 41 43 36 45 47
40x36: 44 34 30 35 44 37
47x42: 33 38 27 33 39 39
43x47: 48 48 59 53 58 43
47x43: 47 58 46 50 49 61
45x45: 44 31 29 37 37 47
42x48: 61 44 47 57 58 45
46x38: 31 39 32 18 25 35
44x39: 32 33 28 30 25 33
38x48: 34 36 28 29 28 37
39x39: 23 21 36 26 32 31
39x36: 25 22 30 30 21 28
39x39: 26 28 24 35 25 31
39x43: 37 60 39 38 37 46
41x40: 35 26 34 29 26 19
49x44: 62 53 58 48 57 56
47x36: 52 47 36 49 35 44
36x49: 33 33 33 36 24 32
46x35: 32 24 29 26 23 30
40x43: 45 39 43 43 51 44
40x45: 33 32 33 27 39 30
44x50: 66 52 53 58 59 53
39x36: 22 26 30 26 22 29
49x46: 55 60 55 55 59 63
46x36: 35 35 27 25 23 35
47x47: 61 42 69 60 54 55
42x37: 29 27 26 24 33 29
35x38: 39 28 33 35 32 40
49x38: 39 49 54 41 49 53
45x37: 44 45 30 48 47 43
35x49: 40 29 45 55 50 44
50x48: 73 55 58 61 64 62
39x40: 35 28 24 36 18 28
42x42: 35 32 35 28 34 32
47x40: 28 43 25 29 46 24
43x41: 42 52 40 40 54 42
45x35: 32 41 36 50 42 39
49x38: 20 36 31 40 30 34
37x46: 32 26 27 31 30 34
47x37: 25 32 29 35 32 27
38x38: 35 31 19 15 22 22
38x44: 32 31 31 24 22 27
45x43: 53 52 59 44 42 49
43x41: 39 39 47 58 47 39
41x48: 34 35 38 34 40 27
36x38: 36 37 30 33 40 35
50x45: 66 57 55 54 64 52
39x45: 37 42 23 32 29 32
35x44: 33 23 23 24 36 14
35x37: 39 35 32 28 36 31
37x44: 45 42 40 42 46 36
41x39: 29 29 31 30 24 26
44x49: 50 55 59 56 47 65
49x46: 35 45 36 44 43 37
44x49: 46 51 51 61 55 67
50x38: 30 30 34 29 36 33
47x42: 37 57 54 55 53 43
36x42: 39 51 32 50 28 32
44x50: 32 35 46 34 34 42
46x35: 45 43 48 32 40 41
45x40: 22 28 39 27 37 42
45x43: 42 33 37 28 40 30
35x44: 24 29 18 30 24 29
38x45: 32 30 23 34 26 35
46x41: 44 49 44 40 53 61
42x50: 37 34 31 38 49 34
47x40: 35 26 31 30 43 30
39x47: 32 31 27 41 33 30
49x47: 50 36 34 39 44 37
46x40: 36 53 44 48 47 53
42x43: 62 39 51 47 35 49
45x43: 40 34 39 37 31 29
46x44: 31 38 45 36 37 23
37x36: 30 45 30 37 34 27
44x44: 37 29 22 44 30 34
37x37: 27 23 19 27 22 26
45x36: 42 35 44 54 31 44
44x46: 61 43 43 56 48 65
35x44: 19 35 23 29 24 23
49x47: 40 35 43 50 37 35
39x43: 23 30 23 36 37 32
41x49: 53 65 44 48 48 52
49x48: 42 48 37 40 41 47
44x50: 51 53 65 61 51 56
38x43: 39 52 51 39 28 42
50x40: 38 41 37 29 32 30
38x42: 26 30 26 23 29 34
46x47: 66 45 59 43 61 63
45x42: 49 49 49 57 46 40
39x37: 37 42 31 41 37 34
36x47: 21 29 29 31 39 31
36x46: 49 41 45 47 39 35
44x38: 49 38 46 35 50 41
42x36: 31 29 27 24 34 23
48x43: 41 35 35 40 39 34
35x41: 23 27 21 32 17 22
50x35: 42 38 49 50 49 40
44x47: 53 65 53 52 44 51
49x43: 51 58 57 46 55 57
40x50: 41 34 37 36 27 32
44x39: 26 35 32 37 23 28
44x48: 42 42 36 34 42 27
49x42: 48 31 39 34 31 40
45x44: 30 38 31 40 27 44
35x43: 42 54 29 34 35 39
46x42: 31 35 38 45 29 32
39x42: 34 46 50 33 40 48
48x46: 38 39 51 37 39 35
41x36: 25 28 19 24 24 35
49x47: 39 34 49 39 41 37
41x37: 21 32 26 19 29 29
44x38: 33 37 54 41 50 39
44x45: 30 36 33 36 40 34
50x48: 65 56 59 61 58 73
49x48: 47 48 43 40 34 44
46x48: 40 47 35 29 52 37
43x35: 27 24 27 20 29 26
44x36: 30 26 24 28 35 25
45x40: 51 49 58 40 39 41
49x39: 35 32 37 39 35 29
41x45: 28 40 27 37 36 27
50x47: 59 66 62 56 60 58
49x47: 50 57 71 65 57 51
46x36: 37 32 23 24 35 28
45x48: 40 48 67 51 68 54
49x38: 24 36 35 38 32 26
43x47: 58 38 48 63 54 52
41x40: 35 23 23 30 24 33
40x46: 49 41 45 43 58 48
43x37: 28 30 28 31 21 30
39x37: 30 29 18 29 24 26
46x42: 39 33 35 41 41 21
46x41: 29 31 30 42 26 37
38x38: 34 24 40 37 53 33
37x39: 26 32 23 28 24 22
38x38: 22 30 18 24 26 24
44x38: 23 25 30 23 33 33
35x40: 33 30 30 41 39 43
43x49: 50 54 50 58 60 51
50x44: 36 34 37 44 43 29
46x43: 38 32 37 37 35 30
45x38: 22 37 31 33 32 25
50x44: 54 60 58 46 63 57
36x45: 32 29 31 34 29 24
41x38: 32 39 37 53 41 35
42x37: 40 41 42 48 37 30
50x49: 35 45 46 36 47 47
45x40: 56 37 40 50 56 40
49x48: 36 44 55 41 47 33
47x48: 55 60 60 60 52 60
44x38: 44 53 46 41 35 38
45x48: 58 56 57 55 54 53
48x50: 52 54 67 69 57 69
49x35: 56 51 30 40 50 40
44x44: 35 36 34 27 27 36
44x44: 52 43 36 58 52 59
48x40: 54 44 66 48 42 42
50x40: 41 32 25 31 36 42
35x46: 37 63 34 38 38 36
50x46: 66 68 58 54 59 50
45x40: 40 40 54 59 28 56
48x46: 53 71 45 54 52 65
40x46: 49 45 39 51 52 48
42x47: 38 32 29 39 39 33
39x36: 31 37 43 35 39 29
37x36: 33 20 24 21 27 18
45x43: 48 40 48 60 55 46
36x38: 38 37 31 26 37 44
36x38: 45 38 28 34 37 31
36x49: 34 32 30 33 34 29
44x49: 50 60 49 62 52 58
46x40: 54 47 42 58 38 46
40x36: 25 24 22 33 28 23
47x36: 33 41 27 15 33 30
45x43: 45 45 53 57 50 46
36x35: 19 23 23 15 23 29
39x44: 24 34 29 29 31 34
39x44: 52 52 47 40 28 48
41x41: 29 34 21 37 21 26
49x36: 34 36 27 28 30 37
41x41: 45 41 33 47 47 47
45x41: 45 47 57 39 56 38
50x50: 37 42 45 51 46 34
44x36: 37 44 37 41 42 42
48x35: 31 28 29 32 29 26
36x40: 26 33 23 20 28 25
43x48: 60 53 45 58 49 55
45x35: 28 30 34 26 16 30
48x50: 59 46 64 57 69 76
42x40: 34 30 39 34 22 23
45x37: 38 32 31 26 31 22
49x45: 59 47 59 59 62 54
40x50: 45 70 47 47 47 50
46x40: 34 30 32 30 41 27
40x48: 50 40 48 53 50 56
42x39: 33 40 30 31 27 21
45x39: 41 44 39 49 51 45
40x44: 32 23 36 34 26 30
42x35: 30 39 35 42 42 36
36x50: 42 47 49 42 50 46
41x47: 59 48 38 47 60 47
48x44: 54 53 45 68 46 60
49x36: 38 41 32 26 24 30
50x50: 45 51 39 49 27 45
43x43: 38 31 33 28 38 27
40x38: 32 28 29 19 25 22
36x38: 17 26 20 27 32 22
44x40: 55 41 44 39 50 45
43x42: 38 22 31 31 40 34
48x39: 46 46 53 63 41 37
40x37: 28 41 36 42 40 38
41x42: 36 51 51 44 43 37
35x46: 34 40 35 35 53 50
36x36: 28 25 18 28 27 17
46x49: 35 41 46 38 37 42
48x46: 42 43 36 35 36 47
40x43: 27 28 30 35 29 32
41x48: 28 39 32 48 33 28
42x38: 28 25 28 27 31 29
47x42: 26 36 42 40 31 34
44x37: 36 47 44 44 36 42
37x40: 44 38 43 33 37 34
45x41: 29 41 34 26 28 36
37x40: 33 49 22 46 31 47
46x42: 44 53 44 55 49 51
47x36: 36 43 45 41 47 47
42x41: 52 43 49 36 46 41
41x44: 36 59 39 48 57 34
50x37: 40 44 59 48 49 42
44x48: 59 64 49 52 58 43
48x44: 37 34 41 36 34 41
38x35: 37 35 39 30 30 35
41x42: 50 48 42 37 44 46
38x46: 23 33 38 28 25 32
36x36: 35 37 33 34 30 31
41x44: 54 29 48 41 55 54
38x36: 34 35 26 40 43 32
37x36: 39 49 31 29 39 17
35x46: 19 38 34 25 17 31
38x49: 36 34 28 27 36 30
49x39: 31 44 29 33 40 31
46x35: 45 39 37 41 39 49
42x43: 27 31 32 34 34 38
37x50: 48 55 48 37 44 54
38x39: 42 41 46 35 36 28
46x42: 48 44 53 47 55 50
43x46: 33 43 26 29 38 40
44x43: 54 40 57 55 38 49
43x42: 35 37 23 29 35 37
43x48: 44 51 48 56 65 51
47x47: 53 64 59 62 52 48
35x39: 28 24 17 17 23 33
39x45: 33 24 34 24 35 44
50x46: 51 64 66 63 54 53
40x43: 31 31 23 29 34 33
42x38: 49 42 36 44 37 40
47x48: 35 41 50 45 32 36
36x45: 39 46 36 48 43 36
47x43: 41 60 55 48 53 51
43x38: 30 36 41 50 46 46
50x36: 45 29 30 16 32 40
44x50: 59 55 66 55 50 54
39x48: 46 45 47 56 51 42
46x46: 53 50 48 54 62 59
42x47: 30 23 38 39 40 39
48x50: 63 51 71 56 66 63
39x36: 18 24 29 29 25 31
48x41: 40 40 31 30 35 32
43x41: 27 29 25 36 34 31
46x46: 54 61 60 58 50 41
38x47: 29 38 24 37 26 26
40x45: 35 43 38 67 50 40
48x45: 38 43 38 46 36 39
38x37: 27 26 19 23 22 26
43x43: 41 32 30 30 31 31
38x48: 26 34 29 37 33 33
47x40: 29 20 29 35 44 37
44x35: 25 27 24 27 31 19
38x41: 35 20 26 25 23 26
46x37: 32 27 26 30 32 32
43x44: 28 37 29 29 37 36
47x43: 33 34 31 35 38 38
37x43: 36 33 28 17 20 34
49x46: 42 44 46 43 34 30
36x36: 21 18 26 24 39 16
48x39: 41 44 50 52 48 52
42x43: 27 31 32 28 52 26
38x44: 29 24 27 36 29 23
48x35: 24 30 36 28 25 32
45x50: 60 59 51 53 61 64
42x35: 28 20 19 28 27 32
45x48: 32 34 39 38 54 42
45x38: 24 30 26 33 33 33
38x49: 27 29 39 29 32 35
49x37: 36 47 37 54 57 45
50x37: 47 36 57 39 52 55
39x36: 40 44 25 42 33 33
45x41: 33 32 42 30 27 31
48x36: 52 43 39 40 47 48
45x48: 35 30 36 43 47 49
49x45: 55 60 65 56 47 56
48x36: 52 32 61 37 44 42
42x40: 51 36 41 55 35 43
49x39: 38 30 32 38 35 34
35x43: 41 35 39 47 36 34
48x46: 40 42 25 37 46 50
39x43: 44 43 53 39 29 52
36x40: 22 16 30 28 33 26
38x43: 23 27 25 34 30 28
49x35: 38 44 44 48 40 49
37x45: 33 36 25 35 28 23
38x45: 45 31 42 45 48 54
41x47: 53 42 63 41 59 38
37x44: 28 22 29 28 39 22
40x46: 31 36 33 32 31 32
49x47: 60 66 50 55 69 54
41x37: 24 25 27 23 29 28
47x37: 67 44 40 41 45 36
42x39: 52 44 43 42 40 33
38x37: 33 20 20 17 29 24
50x36: 33 31 26 33 35 33
38x40: 26 20 25 30 33 22
47x49: 54 30 40 38 35 42
45x36: 45 46 48 41 26 45
45x43: 51 43 57 43 62 41
37x35: 20 18 21 25 23 24
47x46: 36 38 43 38 36 33
45x39: 35 23 40 33 34 29
47x49: 62 52 62 54 62 64
37x38: 45 33 34 30 35 43
41x48: 46 39 63 49 60 44
42x45: 41 39 31 30 34 35
35x35: 17 16 19 26 23 20
39x40: 26 30 36 29 28 20
41x40: 31 24 23 29 34 27
44x38: 49 40 50 35 38 48
48x35: 26 23 30 38 28 30
45x36: 29 46 26 31 19 29
37x49: 42 49 37 50 59 40
47x38: 27 32 31 27 24 38
47x42: 59 50 39 58 53 47
42x36: 27 33 36 24 26 22
36x46: 35 50 35 43 41 50
41x47: 38 33 30 36 25 33
43x39: 29 45 50 39 43 49
35x36: 18 23 25 20 17 29
37x48: 37 28 27 34 39 26
49x38: 50 52 49 51 39 46
39x37: 40 31 42 30 43 37
41x42: 24 32 37 27 33 29
43x43: 48 43 47 46 52 49
43x48: 52 61 52 60 38 55
45x45: 28 46 43 37 33 37
48x44: 31 41 47 37 33 35
35x43: 26 33 25 26 23 21
47x38: 30 44 58 46 44 49
37x49: 26 29 37 31 37 32
43x36: 50 28 42 42 47 31
41x38: 29 30 21 26 33 17
39x47: 33 31 38 29 38 26
35x48: 26 45 28 30 31 15
39x36: 34 20 23 28 24 26
46x40: 42 43 51 57 36 54
38x36: 26 20 25 25 25 22
35x44: 23 25 26 30 20 29
36x47: 32 35 27 31 30 24
44x45: 25 33 41 32 39 40
40x48: 33 34 28 41 41 31
42x43: 36 27 30 34 35 33
40x39: 35 31 28 32 23 20
44x41: 38 34 33 28 29 20
37x42: 25 28 25 39 24 27
46x43: 55 70 49 54 38 38
50x35: 42 48 46 39 53 40
43x48: 34 46 34 32 37 41
40x38: 25 34 18 22 28 29
49x41: 59 48 59 50 42 54
40x50: 56 60 50 48 45 50
37x37: 36 37 33 33 31 42
48x45: 38 38 41 42 42 39
39x36: 30 21 27 24 30 23
46x38: 28 31 23 34 35 29
36x35: 21 22 19 25 22 22
35x36: 15 17 17 25 27 31
48x40: 53 51 44 55 48 45
50x49: 47 34 48 36 44 47
47x46: 57 59 49 71 49 47
43x43: 55 41 45 54 45 47
37x42: 39 44 43 31 42 40
40x38: 39 41 32 49 40 32
50x42: 54 56 53 54 48 59
37x42: 26 30 24 30 21 37
50x43: 39 34 49 29 43 29
50x35: 34 28 33 24 25 32
44x50: 41 29 40 35 38 40
39x38: 47 36 30 33 40 46
45x39: 32 33 27 30 38 34
50x38: 37 27 33 27 35 33
50x49: 28 50 41 58 43 36
49x43: 38 42 35 32 43 33
38x46: 35 19 29 33 28 36
35x40: 28 27 20 23 25 19
43x48: 57 58 60 51 46 46
47x50: 42 38 40 35 46 38
50x47: 37 36 37 35 43 51
35x45: 28 32 50 42 41 47
38x40: 32 37 45 41 33 45
38x43: 21 31 25 29 34 28
41x35: 28 17 24 22 25 27
46x42: 34 28 26 42 39 41
42x44: 23 33 36 39 29 36
42x38: 32 21 27 38 27 22
43x49: 60 51 45 54 63 53
46x44: 28 33 37 32 39 41
50x36: 42 52 54 36 47 45
36x37: 21 30 20 23 28 21
39x44: 30 36 24 26 27 39
43x39: 24 27 39 26 35 31
37x46: 47 46 38 37 47 49
48x45: 36 43 42 42 40 36
49x47: 31 36 41 37 53 41
44x48: 33 47 30 41 43 29
41x50: 30 31 35 36 39 37
39x47: 47 45 55 36 54 45
49x46: 40 41 42 40 37 40
38x47: 47 29 36 25 23 19
39x36: 37 33 34 38 41 33
42x46: 49 53 54 43 50 48
35x44: 27 26 25 23 28 24
42x35: 26 28 30 26 17 26
37x48: 39 24 31 39 26 32
45x48: 45 58 65 48 62 51
49x38: 45 62 44 41 46 48
50x39: 30 41 39 29 33 36
37x45: 35 39 25 24 28 29
44x42: 33 28 29 28 40 38
39x48: 28 30 37 36 38 39
46x39: 35 37 60 44 51 46
50x50: 44 42 37 42 49 42
43x41: 55 41 40 58 38 42
50x36: 49 46 43 45 55 39
44x41: 29 34 32 22 29 36
36x50: 31 38 32 31 29 30
41x36: 25 22 23 27 28 31
41x42: 55 41 50 47 32 43
40x39: 38 32 22 30 28 19
35x40: 41 29 40 33 38 36
49x50: 60 70 62 52 55 80
39x36: 22 27 24 24 31 27
36x44: 19 31 29 29 26 33
50x47: 39 40 37 40 42 41
45x46: 51 50 53 43 63 59
41x36: 28 20 27 23 26 32
38x49: 57 48 42 52 51 38
38x40: 34 48 36 40 33 42
41x42: 32 30 34 34 29 22
49x36: 34 30 32 33 39 23
40x43: 30 36 25 34 31 26
45x50: 57 54 56 65 52 63
40x46: 34 31 33 29 35 33
45x44: 48 28 43 27 33 31
42x41: 30 31 28 30 28 34
40x47: 33 32 32 28 37 33
47x36: 27 34 32 28 24 34
38x41: 21 24 34 21 25 31
50x38: 49 50 38 44 60 52
49x44: 33 36 44 30 40 41
47x45: 34 28 36 48 41 37
44x43: 39 33 27 17 30 50
50x39: 33 26 33 36 35 45
35x46: 23 38 34 22 31 17
45x43: 48 46 55 50 53 45
49x41: 59 50 46 50 53 54
50x35: 29 27 28 30 25 36
35x40: 22 25 27 27 20 22
40x42: 42 47 49 30 45 46
47x42: 36 36 30 37 40 31
49x40: 32 37 36 36 29 37
44x50: 58 59 58 50 65 48
41x40: 26 29 34 23 32 25
35x45: 28 28 26 23 31 28
50x47: 64 64 66 43 59 68
45x42: 31 31 39 35 31 42
45x44: 32 27 43 35 34 38
38x42: 25 25 27 35 33 23
42x43: 35 31 30 34 40 26
41x46: 32 26 24 35 45 32
47x44: 30 42 29 29 42 37
42x41: 38 25 37 28 29 25
37x37: 22 20 23 31 18 30
39x38: 22 24 24 33 28 25
49x48: 63 59 64 70 63 41
45x35: 51 36 47 30 44 37
40x42: 39 53 42 43 36 45
50x43: 56 60 56 50 55 54
40x36: 30 19 19 34 26 28
48x50: 39 49 36 43 57 32
47x40: 29 23 32 40 32 39
36x37: 35 44 27 33 34 32
35x44: 38 31 49 33 34 54
41x36: 18 27 28 26 24 33
37x43: 30 21 37 30 28 21
44x42: 46 47 52 46 48 45
48x38: 22 37 37 36 30 30
49x48: 69 68 36 56 72 64
45x50: 42 34 39 43 42 39
45x46: 38 43 36 27 40 41
47x48: 39 40 39 42 42 37
45x42: 26 42 28 42 33 38
43x42: 27 31 37 35 30 35
43x42: 45 55 36 46 53 42
44x46: 44 36 37 41 26 25
43x40: 44 41 38 45 46 52
37x46: 24 31 33 29 32 30
37x42: 24 25 32 28 35 23
45x48: 72 48 51 62 56 47
40x38: 36 38 32 43 40 45
44x46: 38 44 34 33 33 28
43x44: 25 30 37 38 34 31
39x36: 32 22 21 26 23 32
42x50: 32 36 37 42 41 35
36x48: 33 37 27 32 28 35
35x46: 26 23 31 26 29 29
47x43: 34 33 42 31 40 30
36x44: 33 28 30 27 27 23
37x38: 24 15 25 23 31 25
48x42: 34 46 41 26 35 41
50x49: 35 51 43 38 43 46
45x45: 35 39 34 32 43 42
35x42: 27 20 27 24 34 22
43x47: 32 30 33 40 37 37
49x39: 33 49 55 55 42 57
47x47: 36 33 49 43 37 26
47x46: 65 59 39 50 70 52
45x35: 34 51 33 46 42 34
40x48: 44 32 30 41 31 29
39x47: 50 48 47 44 47 47
41x45: 35 49 38 24 34 14
46x40: 43 52 48 43 45 52
38x39: 42 43 26 40 36 43
41x47: 55 51 45 53 54 39
49x36: 57 48 53 45 32 39
35x36: 26 39 29 31 25 44
45x44: 41 32 22 39 32 44
40x47: 29 37 36 24 40 28
35x48: 40 28 25 20 33 30
42x44: 40 29 32 18 33 44
45x50: 39 43 33 44 38 42
43x40: 29 32 29 23 34 35
39x45: 28 35 28 34 33 36
48x36: 49 43 47 41 51 35
45x44: 49 57 45 56 48 49
43x45: 49 53 49 46 49 52
38x42: 30 28 25 27 26 32
45x38: 35 27 27 35 29 27
37x38: 26 28 23 25 18 24
46x47: 49 42 73 56 62 48
44x49: 31 30 43 40 43 37
47x37: 31 36 22 31 27 32
37x41: 43 32 45 45 31 39
41x37: 26 29 32 26 19 24
40x41: 36 37 46 43 46 43
50x46: 35 41 46 36 40 42
44x42: 33 43 22 33 23 41
46x50: 37 48 36 33 45 41
48x46: 56 56 63 45 68 51
39x46: 27 35 21 36 41 35
36x43: 34 30 33 18 33 19
46x46: 64 43 61 54 51 56
36x42: 43 45 42 30 42 31
39x36: 26 20 37 18 28 26
37x50: 60 44 45 49 46 44
42x41: 36 29 35 27 31 24
46x36: 33 35 24 27 30 30
36x37: 34 30 39 36 28 39
47x47: 42 30 39 38 42 34
39x48: 28 47 44 29 32 27
45x46: 41 46 28 35 37 37
38x36: 17 26 23 22 24 32
50x47: 62 59 61 52 69 59
37x35: 13 19 17 27 30 26
37x45: 25 33 35 37 23 27
46x35: 27 32 21 24 26 35
49x40: 39 32 33 31 45 28
39x46: 44 54 40 49 47 41
41x46: 48 46 52 46 45 54
35x39: 34 35 32 30 45 34
48x45: 57 57 59 50 54 56
50x39: 30 41 40 25 42 29
40x49: 62 46 58 43 48 48
38x45: 33 29 30 35 30 23
44x44: 41 49 50 60 51 44
48x43: 59 49 51 47 63 50
44x45: 38 44 38 69 56 57
47x38: 27 33 24 25 29 42
46x47: 30 39 35 43 41 37
43x35: 36 44 40 44 34 32
43x44: 32 32 37 25 46 23
36x41: 24 32 26 28 30 15
36x50: 44 40 44 61 38 50
44x38: 35 42 39 47 50 42
44x35: 24 27 32 22 23 25
36x50: 29 24 33 37 32 37
44x40: 33 30 30 30 28 31
46x37: 31 34 24 28 27 36
38x41: 24 37 28 20 20 27
38x50: 31 34 34 34 25 34
49x36: 35 27 32 31 33 34
46x41: 36 35 34 28 34 27
37x39: 32 40 39 33 44 32
44x39: 29 34 33 30 31 25
38x42: 37 50 35 43 36 44
38x44: 37 43 45 36 45 51
40x44: 26 25 28 31 34 37
42x38: 29 23 24 32 25 35
50x48: 41 39 45 46 46 38
39x39: 23 30 38 26 22 30
38x36: 16 24 28 17 31 27
36x48: 33 29 35 33 33 29
40x47: 48 51 53 47 40 51
50x46: 53 59 54 66 64 56
40x48: 21 34 31 36 46 40
42x41: 32 22 28 28 41 31
39x36: 36 31 36 41 33 40
48x46: 60 69 61 49 58 42
42x44: 32 28 28 34 38 36
45x45: 34 38 37 36 40 40
47x39: 27 36 37 33 25 37
47x48: 29 37 44 39 43 47
44x39: 27 28 26 28 28 45
49x37: 41 53 46 48 40 50
35x35: 25 36 29 24 40 33
43x50: 61 42 52 54 49 78
35x43: 16 29 16 28 28 37
41x39: 35 40 44 46 37 43
38x40: 29 23 29 24 20 30
41x41: 30 19 30 31 38 20
47x42: 35 39 35 30 33 38
45x36: 30 33 28 36 25 28
36x50: 32 35 28 39 35 22
44x37: 40 36 42 48 49 34
50x46: 58 60 61 60 56 59
41x43: 55 43 37 53 37 50
49x41: 41 28 26 35 33 44
50x45: 38 39 40 45 34 43
37x47: 29 36 28 30 29 27
40x40: 33 45 39 42 44 41
48x38: 37 51 44 48 53 45
45x48: 44 39 41 32 41 42
41x40: 34 28 20 24 32 31
40x40: 40 24 32 28 20 24
41x37: 32 22 21 40 20 20
38x38: 49 42 33 35 34 32
38x48: 41 35 49 50 54 51
46x36: 46 38 41 42 46 43
48x44: 39 45 29 33 53 25
39x35: 24 28 22 19 24 25
43x39: 29 37 38 30 25 23
39x47: 31 25 41 36 32 30
45x36: 28 35 29 22 27 38
41x39: 32 36 46 49 43 37
50x40: 45 25 33 38 31 35
42x37: 32 25 27 22 34 27
50x38: 23 36 39 37 30 27
48x44: 48 63 42 48 64 59
45x43: 38 31 41 34 32 33
46x42: 38 34 32 24 39 42
48x37: 57 41 35 48 42 55
43x37: 23 25 33 23 31 32
39x39: 31 15 35 34 30 24
48x43: 44 33 32 38 30 46
43x45: 53 56 51 43 51 44
42x37: 44 38 35 44 44 35
48x41: 37 30 41 29 31 40
42x41: 24 36 28 26 29 38
42x41: 31 27 27 30 33 34
49x35: 34 25 35 25 28 29
40x48: 64 45 41 50 55 44
49x50: 37 39 44 44 46 46
37x44: 45 44 40 50 29 44
45x45: 37 29 33 36 43 47
36x35: 23 15 22 21 26 24
41x49: 66 52 46 45 55 49
47x42: 23 26 36 43 42 40
47x39: 33 31 22 34 35 39
49x47: 50 43 59 71 70 59
36x35: 15 24 21 25 20 26
50x41: 47 30 27 32 41 31
49x41: 60 55 49 46 50 52
46x35: 23 36 32 17 30 27
40x36: 30 26 33 21 20 26
46x43: 49 39 48 53 60 56
35x39: 30 39 31 30 44 35
48x38: 49 47 42 45 48 51
44x44: 32 35 38 32 29 30
36x46: 38 22 31 24 32 32
39x41: 31 31 27 24 25 30
49x46: 45 37 31 42 44 41
50x38: 56 58 48 44 44 44
40x48: 40 42 30 30 34 32
44x44: 29 37 37 30 28 34
50x47: 57 47 66 68 67 55
35x38: 18 27 23 21 20 22
35x49: 33 22 32 30 24 34
49x36: 32 36 25 31 37 31
50x42: 51 70 43 54 49 56
49x43: 59 48 57 57 50 55
48x40: 42 34 35 23 36 37
49x45: 50 63 47 53 60 66
50x35: 30 37 23 27 25 34
38x39: 39 40 45 35 28 42
42x39: 53 49 44 29 41 39
41x48: 54 56 47 43 60 43
48x37: 40 27 40 21 28 35
42x43: 35 26 40 36 32 27
38x49: 34 36 28 33 28 32
49x41: 38 61 52 52 53 49
43x48: 35 39 43 29 38 40
45x39: 43 37 30 22 29 34
50x48: 35 50 40 39 44 47
50x38: 61 50 49 45 36 56
47x41: 56 42 59 44 51 46
39x50: 32 46 34 40 31 25
36x37: 44 29 30 36 34 35
50x35: 25 35 36 24 27 29
38x35: 38 30 31 39 33 35
44x38: 24 26 32 26 22 38
43x38: 27 25 28 28 30 30
37x45: 29 27 28 32 30 33
36x47: 41 39 49 52 34 45
45x50: 57 64 59 63 52 50
45x41: 49 50 44 50 47 44
45x41: 24 43 30 28 47 23
35x36: 33 23 35 35 38 30
37x36: 25 29 18 26 21 25
36x36: 41 31 34 24 33 40
40x47: 34 32 30 29 40 29
36x36: 23 27 26 14 18 35
37x37: 19 34 17 25 23 26
39x47: 47 44 42 54 49 46
35x39: 26 39 31 34 36 43
45x46: 50 41 64 61 47 55
36x44: 28 34 27 22 33 24
47x45: 52 48 54 56 61 54
39x45: 47 45 49 34 49 47
47x42: 39 40 28 28 35 39
45x40: 31 43 32 24 25 39
42x45: 45 28 39 33 32 32
37x50: 29 24 35 34 32 37
47x42: 41 31 40 38 30 29
48x38: 31 34 23 40 35 28
45x38: 49 34 42 46 49 45
40x49: 35 33 38 36 38 27
40x39: 32 27 32 21 30 27
38x47: 31 31 34 24 29 30
41x41: 30 17 24 33 26 38
36x41: 25 22 27 25 28 28
47x50: 34 35 46 42 42 41
40x49: 54 50 53 56 38 52
36x48: 30 32 37 35 22 36
44x43: 28 29 26 39 40 33
45x44: 58 44 51 51 47 57
44x48: 49 58 50 59 57 50
35x45: 28 27 29 30 36 15
41x50: 58 52 55 62 38 52
40x45: 43 43 35 54 46 57
38x49: 31 30 34 29 36 31
46x45: 52 48 60 51 50 58
43x47: 27 34 32 41 43 33
44x49: 63 51 44 54 67 55
50x40: 39 56 61 47 46 56
40x40: 33 31 35 26 25 19
36x40: 25 41 34 34 43 42
39x48: 36 31 28 35 30 47
42x36: 31 27 29 32 25 23
40x37: 32 20 23 32 25 23
40x39: 37 31 43 37 49 43
42x46: 47 51 48 52 49 50
39x44: 32 37 34 34 25 19
35x36: 15 19 27 25 23 22
44x40: 47 46 47 42 42 48
36x41: 26 20 18 26 39 27
38x40: 18 21 32 25 35 24
37x48: 32 31 28 25 35 40
50x35: 29 30 32 32 31 21
44x43: 37 60 45 48 49 49
50x48: 61 55 61 68 59 66
46x38: 34 26 37 25 33 24
40x36: 23 24 34 28 26 21
50x47: 62 57 59 60 71 52
40x47: 50 56 52 39 50 42
46x41: 45 53 53 41 52 45
36x40: 36 34 40 37 35 40
37x44: 31 24 36 26 30 21
40x35: 20 24 27 19 22 30
48x49: 37 41 26 52 52 47
47x36: 27 35 30 30 24 33
42x40: 31 18 31 31 35 36
49x41: 31 38 33 40 25 40
44x40: 35 25 33 35 28 26
44x46: 39 28 37 35 35 36
43x43: 29 33 30 43 30 31
38x39: 27 28 22 24 25 29
47x38: 45 52 47 33 50 48
42x36: 46 46 33 35 30 46
46x47: 47 50 67 50 63 53
47x50: 59 69 59 56 60 58
39x45: 28 49 36 29 22 30
49x40: 56 55 40 40 59 54
44x48: 58 48 50 62 57 51
35x38: 27 24 25 20 16 20
38x37: 35 33 27 41 39 42
35x43: 26 33 17 30 28 19
35x36: 28 22 24 18 16 24
37x38: 36 32 43 44 29 32
35x47: 41 47 40 38 46 41
42x39: 37 27 28 38 27 25
48x47: 32 39 45 40 34 50
36x47: 27 26 31 28 32 36
44x37: 53 34 50 42 44 29
47x43: 37 27 40 33 48 25
49x42: 34 34 46 41 35 34
38x42: 28 32 22 36 31 18
43x35: 24 30 20 28 16 36
49x45: 31 41 44 40 41 42
37x36: 26 23 18 22 24 31
37x43: 24 27 27 28 31 30
46x42: 38 34 34 38 38 27
39x49: 35 34 29 39 36 34
46x48: 65 37 54 58 63 67
46x40: 24 30 36 30 35 40