[...#####] (0,2,3,5,7) (0,6) (1,3,5,6) (3,6) (1,6,7) (0,1,2,3,4,5) (1,2,3,4,6,7) (0,3,4,5,7) {38,142,135,188,145,45,167,153}
[....##...] (3,5) (4,7) (2,3,4,5,7) (0,2,4,7) (1,3,4,5,7,8) (0,2,3,4,5,6,8) (0,2) (5,6) (0,1,3,5) {35,21,32,52,36,60,21,23,22}
[.#.##..#] (0,3,5,6) (0,6,7) (0,3,4,5) (0,1,4,5,6) (1,2,4,5,6) (1,2,4) (0,1,4,5) (2,3,4) (0,2,4,5,7) {69,39,43,31,76,65,25,23}
[#...##.##] (1,3,4,5,6,8) (1,2,4,5,7) (0,8) (1,3) (1,2,3,4,5) (0,1,2,3,7,8) (0,1,2,6,7) (2,3) {22,184,183,183,160,160,11,29,27}
[###.##.#] (1,2,3,5,6) (0,1) (1,2,3,4,5,6) (0,1,2,4,5,7) (4,5) (0,1,2,3,5,7) (0,2,4,5,6,7) (1,5,6,7) {19,42,23,21,205,213,23,10}
[.##.#.##.] (6,7) (0,2,3,6,8) (1,7) (2,4) (0,3,4,5,6,7,8) (4,5) (2,3,4,5,7,8) (4,6,8) (1,2,3,4,5,6,8) {2,17,27,28,48,46,25,20,30}
[###...##.] (0,6) (3,6,7) (0,4,5) (0,7) (1,2,3,4,5,6,7) (0,1,3,7) (0,3,4,6,8) (1,2,3,5,6,7,8) (2,7,8) {48,29,42,43,35,38,55,61,37}
[.#.###.#.] (1,2,4,6,7,8) (4,7,8) (0,3,4,7,8) (2,7,8) (0,1,3,6,8) (2,5) (3,4) (0,2,3,4,6,7,8) (1,6) {27,12,27,36,231,1,27,229,230}
[##....##.#] (7,9) (1,5,9) (4,6) (1,2,3,4,6,7) (2,6,7,8) (0,1,8) (0,1,2,3,4,5,7,9) (1,2,3,5,7) {15,57,149,31,24,44,135,155,126,31}
[#....#...] (3,5,6,8) (1,6) (1,2,4,7,8) (3,4,5,7,8) (0,2,4,5,6,8) (0,1,3) (1,2,6,7,8) (0,5) (0,1,4,6,8) {42,46,38,34,52,33,33,36,61}
[#..###.#] (0,2,3,4,5) (2,3,4,5,7) (1,3,4,5,6,7) (3,6) (1,3,4) (0,4) (0,1,3,4,5,7) (2,4,6,7) (0,1,3,4,5,6,7) {31,36,32,72,84,53,44,63}
[.......##] (0,1,2,3,6,7,8) (0,1,7,8) (1,6,7,8) (0,1,3,4,5,6,7) (2,3,4,5,6,8) (0,1,3,4,5,6,8) (1,4,5) {201,226,8,185,200,200,191,206,35}
[#.##..#.#.] (0,1,2,3,5,6,7,8,9) (0,1,2,4,5,7,9) (1,3,6,9) (1,2,4,6) (2,3,4,9) (5,6,7) (0,1,5,6,8,9) (2,7) {35,55,36,40,18,49,64,37,30,58}
[#..###.##] (1,2,4,6,7) (0,4,7) (0,3,4,5,7,8) (0,1,2,4,5,6) (0,1,2,3,5,6,7,8) (2,4,8) (2,8) (0,1,2,3,4,5,7,8) {48,48,65,35,41,45,33,45,52}
[##.###.#] (0,5,7) (0,1,2,3,4,6) (0,2,4,6) (2,3,5,6) (1,2,3,4,5,6) (2,3,4,5,7) (0,4,5,7) (0,1,2,6,7) (1,3,4,6,7) {61,42,55,44,59,36,67,50}
[.#.##...#] (0,2,5,7) (0,5,6,8) (0,2,3,4,6,7) (0,2,3,4,5,6,7,8) (1,3,4,5,6,7,8) (1,2,3,4,8) (0,1,3) (4,5,6) {172,155,29,174,40,29,36,25,18}
[.#.#..#..] (0,1,2,3,5,6,8) (1,4,6,7,8) (1,4,6) (0,1,4,5) (0,1,2,3,4,6,7,8) (0,2,3,4) (0,1,3,5,7,8) (0,2,3,4,6) {63,47,49,49,62,30,50,16,32}
[#..##..##.] (8) (0,1,4,7,8,9) (0,3,4,7,8) (1,7) (1,5) (1,3,4,5,6,7,8,9) (2,3,4,5,8,9) (1,2,3,4,7,8,9) (2,6) {18,38,49,47,52,29,23,44,70,39}
[##.###..##] (1,6) (2,5,6,7,8) (0,2,4,5) (0,5) (1,3,4,6,7) (3,8) (2,4,6,7,9) (2,6,8) (1,2,4,6,7) (0,4,8) (3,6) {182,50,62,31,205,35,97,45,196,1}
[##.#..####] (5,8) (2,7,9) (0,1,4,5,7,8) (1,2,4) (0,2,4,9) (2,7) (1,2,3,4,5,6,7,8,9) (0,4,6,7) (0,1,3,6,7,8,9) {48,43,196,30,45,36,37,211,55,196}
[#..#.#...] (4,7,8) (0,1,4,7,8) (1,5,6) (0,2,7) (0,1,2,3,4,5,6,8) (7,8) (0,1,4,5,6,7,8) (1,2,7) (1,3,5) (1,3,4,8) (2) {34,79,33,27,62,27,26,72,71}
[....#..###] (0,2,3,4,5,7,8) (0,1,3,5,6,8,9) (0,1,4,5,6,7) (3,4) (0,1,2,5,6,7,8,9) (0,2,5,6,9) (2,4,5) (0,1,2,3,7) {53,38,42,49,51,48,24,45,23,10}
[.##...###] (2,4,8) (0,2,6,7,8) (0,3,4,5) (3,7) (2,4,5,8) (1,8) (1,2,4,6,7,8) (3,6) (0,1,2,4,5,7,8) (4,6) (3,7,8) {28,16,157,47,160,140,37,58,185}
[.##.##.#] (0,1,2,3,5,6) (0,1,2,4,5,6,7) (2,3,5,6,7) (1,2,4,5,7) (0,1,2,3,4,5) (0,1,2,3,4,6) (0,1,2) (2,4,5) (0,2,4,5,6) {44,39,61,23,40,51,24,10}
[##.#.#.#] (0,5,6) (0,2,4,5,6,7) (0,1,3,6,7) (0,1,2,3,6,7) (1,2,4,5,7) (1,2,7) (2,3,4,5,6,7) (1,3,6) (0,3,7) (0,1,2,3,4) {68,71,69,65,35,49,87,78}
[..##..####] (4,6) (0,2,3,4,5,7,9) (1,3,5,9) (4,7) (2,5,7,8,9) (1,6,8) (0,1,2,3,8) (0,1,2,3,4,5,6,7,9) (2,3,6,7,8,9) {49,56,69,89,48,49,42,62,43,69}
[...#......] (2,3,7,8) (5,7,8) (0,1,2,3,5,6,7,9) (0,1,6,8) (2,4,5,8) (0,1,2,3,4,5) (0,1,2,3,4,5,6,8) (0,1,4,6,7,8,9) {43,43,51,47,29,42,38,35,56,12}
[#.....##.#] (2,5) (2,6,7,8) (1,3,8,9) (2,3,6,7,8,9) (0,1,2,3,5,9) (1,2,3,7,8,9) (1,2,4,5,6,9) (0,2,4,5,6,9) (0,1,4,5) {28,47,78,40,39,56,53,25,40,76}
[.##..####] (0,1,3,4,5,6,7) (0,1,3,6,8) (0,3,7,8) (0,1,2,4,5,6,8) (2,3,4,5,8) (3,6,7) (1,3) (1,2) (0,1,4,8) (2,4,7) {224,243,204,48,208,189,202,28,217}
[.###.#.##.] (2,4,7,9) (0,1,3,7,9) (0,1,2,3,6,7,9) (2,3,6,7) (0,3,4,5,6,7,8) (2,5,9) (0,1,2,4,7) (1,2,3,4,8) (0,1,2,3,4) {65,51,68,78,37,25,51,74,16,43}
[##.###.##.] (0,3,4,6,7) (1,2,4,8) (0,3,6,7,8,9) (6,7) (3,8,9) (0,2,5,8) (0,1,3,4,5,6,8,9) (0,5,7,9) (1,4,7,9) (3,4,9) {47,178,27,57,212,26,54,180,50,184}
[####.###.#] (0,1,2,8,9) (0,2,9) (0,1,4,5,9) (0,3,7,9) (1,4,5) (1,2,8,9) (0,3,5,6,7,8) (0,2,5,7,9) (4,5,6) (2,3,4,7,8) {177,39,175,23,41,176,22,157,28,186}
[..#.#.....] (1,7) (3,6) (0,1,2,3,4,5,7,8,9) (0,1,2,3,5,6,8,9) (0,1,2,5,7) (0,1,3,4,5,6,8,9) (0,1,2,5,6,7,8,9) (0,1,2,3,4,6,9) {57,65,56,43,24,40,46,36,27,44}
[######..##] (2) (0,1,5,9) (2,3,4,5,6,9) (0,1,2,3,4,5,8,9) (1,3,4,6,7,8,9) (0,1,3,4,5,6,8) (1,8,9) (3,4,5,9) (1,2,3,4,6,7,8) (3,8) {48,77,62,89,83,71,55,27,68,70}
[....###..#] (0,1,2,3,6,7,9) (0,1,2,3,4,5,6,8) (0,1,4,5,6,7,8,9) (0,3,4,5) (1,2,3,4,6,7) (0,1,3,4,6,7,8,9) (1,2,3,4,5,9) (2,7,8,9) {38,42,29,42,48,39,28,31,28,44}
[#...####.] (0,1,2,3,5,6,7,8) (0,1,2,3,4,5,6) (1,4,5,8) (3,4,5,6,7,8) (0,1,4,5,7,8) (2,3,4,6,7) (0,2,4) (1,2,3,5,7,8) (2,3,6,7) (1,2,6) {55,70,86,81,65,75,70,78,60}
[#.#....###] (3,5,6,8) (0,1,2,4,6) (4,5,7,9) (9) (4,9) (0,5,7,8,9) (1,9) (0,3,5,8) (2,3,7) (0,2,3,4,6,8,9) (0,2,7,8) (1,2,3,4,5,6,8,9) {23,23,33,67,40,70,37,27,57,42}
[...#...##] (0,3,6,7,8) (2,4) (0,1,2,3,4,5,8) (0,1,2,5,6,8) (0,1,2,3,5,6,7) (1,2,3,5,6,7,8) (2,3,4,7) (2,7) (1,7,8) (1,3,5,6,8) (2,4,5,8) {50,67,97,68,52,65,49,58,70}
[##...#....] (1,3,9) (0,1,2,3,4,7,8,9) (1,4,8) (3,5,8,9) (0,1,3,5,7,8,9) (0,2,4,6,7,8) (1,2,4,5,6,7,8,9) (0,6,8,9) (2,6) (0,2,6,8,9) (9) {38,32,35,25,17,22,46,28,49,53}
[..###...#.] (1,3,4,7,8,9) (0,2,3,5,6,7,9) (0,1,2,3,4,5,6,8,9) (0,1,2) (2,6) (0,4,5,6,7,8,9) (0,2,3,4,5,8,9) (0,1,2,4,6,8) (5,7) (3,7,8) {58,22,43,37,42,56,35,50,51,46}
[####.####] (1,2,4,6,8) (0,2,4,5,7,8) (1,4,7,8) (0,1,3,5,6,8) (0,3,4,5) (0,1,3,6,7,8) (1,2,8) (0,1,2,3,4,5,7,8) (0,1,2,3,5,6,7,8) (1,2,5,8) {54,81,55,46,33,62,42,51,89}
[#.#..##..#] (5) (1,2,4,7,8,9) (0,1,4,8) (6,8,9) (1,3,5) (0,2,4,8,9) (0,1,3,4,5,6,7) (0,2,3,4,5,7,8,9) (0,1,2,4,6,7) (3,6,7) (3,4,6,7,8,9) {24,42,34,46,55,33,56,64,50,48}
[.##.###.##] (5,6,7) (0,1,5) (0,1,2,7) (1,3,4,6,8,9) (1,2,3,4,5,6,7,8) (0,2,4,6,7) (0,9) (1,2,3,6,7,8) (0,2,3,5,6,7,8,9) (3,7) (0,3,4,5,7,8) {27,40,36,65,36,47,56,71,46,21}
[.##..#.#.] (0,1,2,3,5,7,8) (2,3,4,5,6,7,8) (1,2,3,8) (0,2,4,5,6,7) (1,2,4,7,8) (4,6) (0,2,4,5,7) (1,2,4,5,6,7) (4,5) (0,1,2,4,6,7,8) (1,2,4) {226,67,292,46,289,269,234,273,69}
[###.#.#...] (4,5,9) (1,2,4,6,7,8) (2,3,4,5,6,9) (0,3,8) (0,1,2,3,4,7,9) (0,1,6,8,9) (1,2,9) (0,1,2,3,6,8) (0,1,2,4,5,6) (1,4,5,7,8,9) (1,4,6,7,8) {52,86,68,50,95,43,57,60,60,64}
[###.##...] (2,8) (0,1,2,3,4,6,7,8) (0,2,3,4,7,8) (0,2,3,5,6,7) (2,3,4,6,7,8) (1,2,3,4,5) (2,3,4,5,6,7) (1,2,3,4,5,6,7,8) (1,3,8) (5) (0,1,2,3,6,7,8) {35,44,76,72,40,38,57,61,56}
[.##..###.#] (2,3,5,9) (5,6,7,8) (1,2,4,5,8,9) (6,7,9) (0,5,8,9) (3,4) (0,1,3,6,9) (0,1,2,3,4,5,7,8) (2,4,6,9) (0,1) (6) (0,1,2,3,7,8) (1,2,6,7,8) {46,64,51,61,48,39,58,45,52,57}
[.##.###.##] (0,1,2,8) (1,2,3,6,7,8,9) (5,7,9) (1,3,4,6,7) (1,2,3,6,7,9) (0,1,2,5,8,9) (3,7,8) (4,6,7,9) (3,4,7) (1,2,3,4,5,7,8,9) (0,2,3,4,5,7,8,9) {42,57,76,71,49,54,34,84,71,87}
[#.##...#..] (0,4,5,8) (2,3,6,7,8,9) (0,1,6) (3,4,7) (0,9) (0,2,3,4,7,8,9) (2,3,8) (1,4,9) (0,1,2,3,4,5,9) (1,2,4,6,7,8) (0,1,2,4,5,6) (0,1,4,5,6,9) {72,52,56,61,88,33,32,44,56,47}
[..##..#..#] (3,4,7,8,9) (4,5,9) (1,3,4,6,7,8,9) (0,1,2,4,5,8,9) (4,5) (4,6) (0,2,3,4,6,7,8,9) (0,1) (3,7,8) (3,4,7) (0,1,2,3,4,5,6,7,8) (0,1,2,5,7,8,9) {48,52,42,48,74,41,40,57,55,42}
[#....###.] (0,1,2,4,5) (0,4,5,7) (2,3,4,5,6,7,8) (1,2,3,4,5,6,7) (0,1,2,3,6,7,8) (0,3,4,6,7,8) (0,1,2,3,4,5,7) (5,6,7) (0,1,2,3,5,6,7) (0,2,3,4,7,8) {193,168,188,179,66,84,170,206,146}
[#.#...####] (0,2,3,5,6,7,8) (0,5,6,8,9) (0,1,2,6,8) (1,3) (0,2,5,6,9) (1,2,3,4,5,6,8) (3,4,6,7,8,9) (0,2,6,7,8,9) (0,1,2,3,7) (1,2,3,4,5,6,8,9) (3,4) {206,62,75,93,39,177,211,53,198,174}
[...#..#.#.] (1,2,3,4,5,6,7,8,9) (2,7) (3,4,6,8) (0,2,3,5,6,8,9) (2,3,6,7,8,9) (1,6,9) (3,8) (1,3,4,5,7,8) (0,1,6,9) (2,3,7,8,9) (0,1,3,4,6,7,9) (0,2,3,8) {45,59,170,106,43,41,91,156,103,89}
[#...#...##] (5) (0,3,4,5,6,7,8) (0,1,3,4,5,6,8) (0,2,3,7,8,9) (0,1,2,3,5,6,7,9) (3,7,9) (0,1,3,4,7,8,9) (4,6) (0,3,5,6,8) (0,1,4,5,6,7,8) (0,2,3,5,6,7,9) {121,66,46,117,73,112,120,100,81,68}
[##..#.....] (1,2,3,4,6,8) (0,4,6) (1,2,3,6,7,9) (0,1,2,3) (0,1,3,4,7) (1,2,3,5,6,7,8,9) (7,9) (2,8) (0,5,7,8) (1,3,5,6,7,8,9) (0,1,3,5,8,9) (0,2,3,4,7,9) (4,8) {85,92,78,111,55,53,58,95,81,88}
[##.##.....] (1,3,7,8) (1,3,5,8) (0,2,3,4,5,6,8) (8) (0,1,2,3,5,7,8,9) (0,2,6,7) (4,6,7) (0,1,7,8,9) (2,3,5,8,9) (0,4,5,6) (1,4,5,9) (2,3,4,6,8,9) (2,4,6,8,9) {220,54,231,228,238,235,238,54,267,70}
[..#.#..#..] (0,1,2,7,8) (0,1,2,4,6,8,9) (2,3,4,5,7,8,9) (2,4,5,6) (0,1,3,5,7) (0,1,2,3,5,6,7,9) (0,1,3,4,5,6,7) (0,1,2,3,4,6,7,9) (4,9) (3,4,5,6,7,8) (1,4,8,9) {206,219,193,199,201,81,199,216,66,177}
[#########.] (1,4) (0,1,2,3,4,5,6,7) (1,2,3,4,5,6) (0,3,5,6,7,8) (0,3,4,5,6,7,9) (1,3,5,7) (1,2,3,4,5,6,8,9) (4) (2,4,5,6) (0,1,5,6,7,8) (0,1,2,3,4,6,7,9) (6,9) (0,2,3,4,6) {61,70,45,85,85,69,80,76,18,45}
[...####.##] (2,3) (0,2,4,5,6,7,8,9) (0,1,2,4,5,6,8,9) (0,1,3,4,8,9) (0,1,2,4,7,8,9) (1,2,3,4,6,7,8) (0,1,4,5,6,7) (1,3,6) (0,1,3,4,7) (1,4) (0,1,2,5,6,7,8) (0,1,2,3,4,5,6,8,9) {80,122,88,80,94,45,76,74,82,42}
[##....#...] (2,3,4,5,6,7) (0,1,2,3,4,6,9) (0,1,3,4,6,8,9) (1,2,3,4,6) (1,4,5,6,8,9) (2,4,5,8,9) (0,1,3,4,5,8,9) (0,1,2,6) (2,7,8,9) (1,2,4,8) (3,4,6,7,8,9) (0,2,5,7,8) (0,1,2,4,5,6,8,9) {79,95,119,80,137,88,128,63,122,126}