[#....#...] (3,5,6,8) (1,6) (1,2,4,7,8) (3,4,5,7,8) (0,2,4,5,6,8) (0,1,3) (1,2,6,7,8) (0,5) (0,1,4,6,8) {42,46,38,34,52,33,33,36,61}
[##....] (2,3,4,5) (2,3) (0,2,4) (2,4,5) (0,1,3,4) (0,2,3) (0,1,2,5) (1,2,3,5) {28,29,88,55,42,65}
[###..##] (0,2,4,5) (1,3,5,6) (2,4) (0,1,2,5,6) (0,3,4,5,6) {37,22,48,8,34,39,28}
[####.###.#] (0,1,2,8,9) (0,2,9) (0,1,4,5,9) (0,3,7,9) (1,4,5) (1,2,8,9) (0,3,5,6,7,8) (0,2,5,7,9) (4,5,6) (2,3,4,7,8) {177,39,175,23,41,176,22,157,28,186}
[##.##] (0,1,3,4) (0,3) (2) {23,9,11,23,9}
[......#] (0,5,6) (3,4,6) (0,2) (0,2,3,5) (1,4,6) (2,6) (2,4,5,6) {9,5,22,8,21,19,38}
[..#.] (2,3) (1,3) (0,3) (0) {16,3,16,26}
[#...##.] (0,3,4,5,6) (1,2,4) (0,3,5,6) (3,6) (1,2,4,5,6) {35,18,18,47,35,47,59}
[#..###.#] (0,2,3,4,5) (2,3,4,5,7) (1,3,4,5,6,7) (3,6) (1,3,4) (0,4) (0,1,3,4,5,7) (2,4,6,7) (0,1,3,4,5,6,7) {31,36,32,72,84,53,44,63}
[.###.#.#] (1,5,7) (0,1,2,3,5,6) (1,2,3,4,6) (6) (1,2) (0) (2,7) (2,4) (5,6) (1,2,3,4,5,7) {30,67,220,45,35,56,52,199}
[#..#.#...] (4,7,8) (0,1,4,7,8) (1,5,6) (0,2,7) (0,1,2,3,4,5,6,8) (7,8) (0,1,4,5,6,7,8) (1,2,7) (1,3,5) (1,3,4,8) (2) {34,79,33,27,62,27,26,72,71}
[.######] (0,2,3,4,6) (1,2,4,6) (3,6) (4) (2,4) (0,1,2,3,6) (1,2,3,5,6) (4,5) {17,25,46,41,55,23,44}
[...####.##] (2,3) (0,2,4,5,6,7,8,9) (0,1,2,4,5,6,8,9) (0,1,3,4,8,9) (0,1,2,4,7,8,9) (1,2,3,4,6,7,8) (0,1,4,5,6,7) (1,3,6) (0,1,3,4,7) (1,4) (0,1,2,5,6,7,8) (0,1,2,3,4,5,6,8,9) {80,122,88,80,94,45,76,74,82,42}
[##...#....] (1,3,9) (0,1,2,3,4,7,8,9) (1,4,8) (3,5,8,9) (0,1,3,5,7,8,9) (0,2,4,6,7,8) (1,2,4,5,6,7,8,9) (0,6,8,9) (2,6) (0,2,6,8,9) (9) {38,32,35,25,17,22,46,28,49,53}
[##.####] (0,2,5,6) (4) (0,2,4,6) (2,3,4,5) (0,1) (1,3,5) (3,4,5,6) (2,6) (0,3,4,5,6) {45,15,30,53,58,67,56}
[###.##.#] (1,2,3,5,6) (0,1) (1,2,3,4,5,6) (0,1,2,4,5,7) (4,5) (0,1,2,3,5,7) (0,2,4,5,6,7) (1,5,6,7) {19,42,23,21,205,213,23,10}
[.....#] (0,1,2,3,5) (0,2,3,4,5) (1,4,5) (1,3,4,5) (3,4) {11,29,11,42,50,39}
[####.#] (1,3,4) (0,2,3) (0,2,3,4) (0,2,5) (4,5) {34,4,34,20,28,29}
[.###..#.#] (1,3,4,5,8) (5,6) (1,3,7) (0,2,7,8) (7,8) (1,2) (3,8) (3,4,5) (4,6) (0,1,2,4,5,6,8) {4,54,24,55,39,37,23,17,39}
[#.#....###] (3,5,6,8) (0,1,2,4,6) (4,5,7,9) (9) (4,9) (0,5,7,8,9) (1,9) (0,3,5,8) (2,3,7) (0,2,3,4,6,8,9) (0,2,7,8) (1,2,3,4,5,6,8,9) {23,23,33,67,40,70,37,27,57,42}
[.#.#..#..] (0,1,2,3,5,6,8) (1,4,6,7,8) (1,4,6) (0,1,4,5) (0,1,2,3,4,6,7,8) (0,2,3,4) (0,1,3,5,7,8) (0,2,3,4,6) {63,47,49,49,62,30,50,16,32}
[##.###] (3,5) (1,2,4) (0,1,4) (0,1,4,5) (0,3,4) (0,2,4) (1,3,4) {39,41,2,28,55,5}
[#...##.##] (1,3,4,5,6,8) (1,2,4,5,7) (0,8) (1,3) (1,2,3,4,5) (0,1,2,3,7,8) (0,1,2,6,7) (2,3) {22,184,183,183,160,160,11,29,27}
[.##.#.##.] (6,7) (0,2,3,6,8) (1,7) (2,4) (0,3,4,5,6,7,8) (4,5) (2,3,4,5,7,8) (4,6,8) (1,2,3,4,5,6,8) {2,17,27,28,48,46,25,20,30}
[....#.##] (0,1,3,4,5,6,7) (0,2,3,4,5,7) (1,2,3,5) (2,6) (0,1,2,3,5,6,7) (4,6,7) (0,2,4,7) {14,16,19,21,14,21,7,15}
[##....#...] (2,3,4,5,6,7) (0,1,2,3,4,6,9) (0,1,3,4,6,8,9) (1,2,3,4,6) (1,4,5,6,8,9) (2,4,5,8,9) (0,1,3,4,5,8,9) (0,1,2,6) (2,7,8,9) (1,2,4,8) (3,4,6,7,8,9) (0,2,5,7,8) (0,1,2,4,5,6,8,9) {79,95,119,80,137,88,128,63,122,126}
[.###.#.##.] (2,4,7,9) (0,1,3,7,9) (0,1,2,3,6,7,9) (2,3,6,7) (0,3,4,5,6,7,8) (2,5,9) (0,1,2,4,7) (1,2,3,4,8) (0,1,2,3,4) {65,51,68,78,37,25,51,74,16,43}
[#.##..] (3,4,5) (3) (0,2,5) (1,2,3,5) (0,4) (1,3,4,5) (2) {27,24,34,50,56,54}
[.##..] (2) (0,4) (1,2) (2,3) {158,7,39,12,158}
[#.#..#] (0,2) (1,3,4,5) (2,3) (0,1,4) {13,175,7,169,175,165}
[.#..##] (1,3,4) (3) (0,2,3,5) (5) (3,4,5) (0,1,3,4) (0,1,2,3,4) (0,1) {47,40,27,54,36,27}
[....#.#..] (1,4,5,8) (0,1,2,5,7,8) (1,6,8) (0,1,5,7,8) (1,2,4,5,6,8) (5,6) (0,2,3,4,8) {31,41,30,10,18,42,29,21,51}
[#..##] (1,2,4) (1,3) (1,2) (1,3,4) (0,2) (3,4) {20,26,25,31,23}
[##..#.....] (1,2,3,4,6,8) (0,4,6) (1,2,3,6,7,9) (0,1,2,3) (0,1,3,4,7) (1,2,3,5,6,7,8,9) (7,9) (2,8) (0,5,7,8) (1,3,5,6,7,8,9) (0,1,3,5,8,9) (0,2,3,4,7,9) (4,8) {85,92,78,111,55,53,58,95,81,88}
[.##..####] (0,1,3,4,5,6,7) (0,1,3,6,8) (0,3,7,8) (0,1,2,4,5,6,8) (2,3,4,5,8) (3,6,7) (1,3) (1,2) (0,1,4,8) (2,4,7) {224,243,204,48,208,189,202,28,217}
[....#..###] (0,2,3,4,5,7,8) (0,1,3,5,6,8,9) (0,1,4,5,6,7) (3,4) (0,1,2,5,6,7,8,9) (0,2,5,6,9) (2,4,5) (0,1,2,3,7) {53,38,42,49,51,48,24,45,23,10}
[.#####.] (0,1) (1) (5,6) (1,2,4,5) (1,4,5) (0,2,3,4,5,6) (3,4,6) (0,3,4,6) {199,201,27,31,59,60,50}
[####.##] (1,2,3,6) (1,3,4,5) (1,4) (2,3,4,5) (0,1,3,6) (1,5) {2,30,22,42,42,39,5}
[##.###.##.] (0,3,4,6,7) (1,2,4,8) (0,3,6,7,8,9) (6,7) (3,8,9) (0,2,5,8) (0,1,3,4,5,6,8,9) (0,5,7,9) (1,4,7,9) (3,4,9) {47,178,27,57,212,26,54,180,50,184}
[##..##..] (0,1,3,4,5,6) (2,4,6) (1,5,6,7) (0,4,5) (3,6) (1,2,3,5,6) (0,2,4,5,6,7) {31,34,131,26,148,48,168,25}
[.###...] (4,6) (0,1,2,4,6) (0,1,2,3,5) (1,2,5) (0,1,2,3,4) (4,5) {31,41,41,17,135,23,131}
[##.#] (0) (0,1) (1,2,3) (1,2) (2,3) {184,206,50,38}
[#.##] (1,3) (0,2,3) {13,16,13,29}
[#.#.#] (0,3,4) (1,4) (1,2,3,4) (0,2,3,4) {21,29,31,32,50}
[.##..#.#.] (0,1,2,3,5,7,8) (2,3,4,5,6,7,8) (1,2,3,8) (0,2,4,5,6,7) (1,2,4,7,8) (4,6) (0,2,4,5,7) (1,2,4,5,6,7) (4,5) (0,1,2,4,6,7,8) (1,2,4) {226,67,292,46,289,269,234,273,69}
[#.#.###.] (4,6) (0,1,2,3,4,6) (1,3,4,5,7) (0,3,6) (0,3,6,7) (0,5) (2,3,4) (0,1,5,6) {194,167,174,192,196,15,201,2}
[##....] (0,2,3,5) (1,3,5) (1,3,4,5) (1,2,4) (0,1,4,5) (0,2,3) {23,56,20,25,55,41}
[.#.##....] (2,4,5,8) (0,1,2,3,4,6,8) (0,6,7) (1,3,4) (0,1,3,6,7) (1,8) (0,2) {23,12,19,8,12,7,11,11,11}
[...#...##] (0,3,6,7,8) (2,4) (0,1,2,3,4,5,8) (0,1,2,5,6,8) (0,1,2,3,5,6,7) (1,2,3,5,6,7,8) (2,3,4,7) (2,7) (1,7,8) (1,3,5,6,8) (2,4,5,8) {50,67,97,68,52,65,49,58,70}
[###....#] (0,1,3,4,6) (0,2,3,6) (0,3,4,6) (1,2,5,6) (0,7) (0,1) (5,6) (0,4,6,7) (0,1,3,4,7) (0,6) {79,48,17,16,36,31,68,46}
[#..##.] (0,3,4) (0,1,3,4) (0,4,5) (0,1,4,5) (0,1,5) (3,4) (0,2,4,5) {60,29,9,17,52,54}
[#.#.] (0,3) (0,1) (0,1,2) (2,3) {200,188,24,32}
[######..##] (2) (0,1,5,9) (2,3,4,5,6,9) (0,1,2,3,4,5,8,9) (1,3,4,6,7,8,9) (0,1,3,4,5,6,8) (1,8,9) (3,4,5,9) (1,2,3,4,6,7,8) (3,8) {48,77,62,89,83,71,55,27,68,70}
[##.....] (1,4,5,6) (0,5) (3,5) (2,5) (0,3,6) (1,4,5) (2) (1,3,5,6) {2,35,16,3,33,46,23}
[.####..#.] (1,4,5,7) (0,2,6,8) (0,1,4,5,6,7,8) (0,1,2,3,5,6,8) (1,6,7,8) (0,1,2,4,5,7) (3,4) {30,41,19,7,31,30,34,38,34}
[...#..#.#.] (1,2,3,4,5,6,7,8,9) (2,7) (3,4,6,8) (0,2,3,5,6,8,9) (2,3,6,7,8,9) (1,6,9) (3,8) (1,3,4,5,7,8) (0,1,6,9) (2,3,7,8,9) (0,1,3,4,6,7,9) (0,2,3,8) {45,59,170,106,43,41,91,156,103,89}
[..##..####] (4,6) (0,2,3,4,5,7,9) (1,3,5,9) (4,7) (2,5,7,8,9) (1,6,8) (0,1,2,3,8) (0,1,2,3,4,5,6,7,9) (2,3,6,7,8,9) {49,56,69,89,48,49,42,62,43,69}
[..#..##] (2,3,4,5,6) (0,2) (0,1,4,6) (1,4,5) (0,3,4,5) (1,2,3,4) {30,15,216,206,219,211,203}
[#.#.] (0,1,3) (0,2) {189,17,172,17}
[.##.] (0,2) (1) (1,3) (0,3) (2,3) (3) {19,12,14,41}
[##.##.....] (1,3,7,8) (1,3,5,8) (0,2,3,4,5,6,8) (8) (0,1,2,3,5,7,8,9) (0,2,6,7) (4,6,7) (0,1,7,8,9) (2,3,5,8,9) (0,4,5,6) (1,4,5,9) (2,3,4,6,8,9) (2,4,6,8,9) {220,54,231,228,238,235,238,54,267,70}
[#.#####.] (3,4) (0,2) (1,3,4,7) (2,3,5,6) (0,2,6) (1,2,4,6,7) {20,22,34,31,25,10,33,22}
[.##...#.] (4,5) (0,1,2,3,7) (0,1,2,3,6) (0,1,2,4,6,7) (3,4,7) (0,3,6,7) {64,50,50,174,163,15,50,176}
[#####.#.#.] (0,8) (1,4,6,9) (4) (0,2,3,4,5,7,8) (0,1,2,3,4,5,6,7) (1,3,5,7) (1,3,9) (4,7) {43,47,36,67,51,51,16,51,27,16}
[..###.] (4,5) (1,2,3,4,5) (1,5) (0,3,4,5) (0,1,2,3,4) (1,2,3,4) (0,1,3,5) (0,2,3) {34,49,41,63,47,38}
[####] (0,3) (0,2,3) (3) (0,2) (1,2) (2,3) {26,15,52,55}
[.##....] (0,1,5) (0,1,2,3,5,6) (0,1,2,3,4) (0,3,4) (0,1,2,5) {54,37,35,39,36,18,3}
[###.#] (0,1,3) (3) (0,1,2,3) (2,3,4) (1,2) {14,30,23,27,3}
[#.##..#.#.] (0,1,2,3,5,6,7,8,9) (0,1,2,4,5,7,9) (1,3,6,9) (1,2,4,6) (2,3,4,9) (5,6,7) (0,1,5,6,8,9) (2,7) {35,55,36,40,18,49,64,37,30,58}
[.##..] (1,4) (1,2,3,4) (2,3) (0,3,4) (0,4) (3,4) (0,1,2,3) {25,22,8,43,60}
[...#......] (2,3,7,8) (5,7,8) (0,1,2,3,5,6,7,9) (0,1,6,8) (2,4,5,8) (0,1,2,3,4,5) (0,1,2,3,4,5,6,8) (0,1,4,6,7,8,9) {43,43,51,47,29,42,38,35,56,12}
[.#.#] (1,3) (0,2) {1,3,1,3}
[..###...#.] (1,3,4,7,8,9) (0,2,3,5,6,7,9) (0,1,2,3,4,5,6,8,9) (0,1,2) (2,6) (0,4,5,6,7,8,9) (0,2,3,4,5,8,9) (0,1,2,4,6,8) (5,7) (3,7,8) {58,22,43,37,42,56,35,50,51,46}
[.###] (1) (2,3) (0,1,3) (0,3) (0,2) {16,6,17,33}
[.##...] (2,3,5) (0,4,5) (0,1,2,4,5) (1,2,5) (0,2,3,4,5) (1,3,4,5) {40,48,46,32,57,81}
[##..] (0,1) (0,2,3) (0,2) {24,10,14,2}
[..#..] (3,4) (0,2) (2,3,4) (4) (0,1,4) (1,3) (1,2,4) {24,34,34,22,51}
[##...#] (0,3,4,5) (0,1,2,3,4) (1,3,4,5) (0,3,5) (0,2,3) (0,2,3,5) {155,27,128,170,35,53}
[#.##.#] (1,2,3,4) (1,5) (0,1,4,5) (2,5) {5,38,33,19,24,33}
[#####..#] (0,1,3,5,6,7) (1,2,6) (0,1,2,3,4,7) (0,3,5,7) (0,2,4,7) (2,5,7) (0,1,3,4,6) {45,28,26,28,25,25,27,43}
[#....###.] (0,1,2,4,5) (0,4,5,7) (2,3,4,5,6,7,8) (1,2,3,4,5,6,7) (0,1,2,3,6,7,8) (0,3,4,6,7,8) (0,1,2,3,4,5,7) (5,6,7) (0,1,2,3,5,6,7) (0,2,3,4,7,8) {193,168,188,179,66,84,170,206,146}
[#.###.] (0,3,4) (1,3,5) (3) (0,2,3,4) {9,19,4,29,9,19}
[####..] (2,3,5) (3,4) (1,2,3,5) (0,2,4) (0,4,5) {23,0,29,27,39,16}
[##.#..####] (5,8) (2,7,9) (0,1,4,5,7,8) (1,2,4) (0,2,4,9) (2,7) (1,2,3,4,5,6,7,8,9) (0,4,6,7) (0,1,3,6,7,8,9) {48,43,196,30,45,36,37,211,55,196}
[..#.#.....] (1,7) (3,6) (0,1,2,3,4,5,7,8,9) (0,1,2,3,5,6,8,9) (0,1,2,5,7) (0,1,3,4,5,6,8,9) (0,1,2,5,6,7,8,9) (0,1,2,3,4,6,9) {57,65,56,43,24,40,46,36,27,44}
[#.##...##] (3,4,6,7) (0,4,7,8) (2,3,5) (1,4) (2,5,7) (0,1,2,3,4,5,8) (2,3,4,6,7) {31,26,63,49,57,47,19,48,31}
[.##...###] (2,4,8) (0,2,6,7,8) (0,3,4,5) (3,7) (2,4,5,8) (1,8) (1,2,4,6,7,8) (3,6) (0,1,2,4,5,7,8) (4,6) (3,7,8) {28,16,157,47,160,140,37,58,185}
[####..#.] (0,3) (0,2,3,5,6) (5,7) (0,1,2,3,4,6) (0,3,4,6,7) (1,7) (2,4) (0,3,7) (1,6) {36,23,33,36,24,30,39,33}
[.###.] (0,2,4) (0,1,2,4) (0,1,2) (1,2,3,4) {25,22,25,0,16}
[#...#.] (1,3,4,5) (0,1) (0,2,4,5) (0,1,4) (3,4) (1,3) {32,173,11,161,28,12}
[#.##] (1,2,3) (0,2,3) {12,0,12,12}
[###.#.#...] (4,5,9) (1,2,4,6,7,8) (2,3,4,5,6,9) (0,3,8) (0,1,2,3,4,7,9) (0,1,6,8,9) (1,2,9) (0,1,2,3,6,8) (0,1,2,4,5,6) (1,4,5,7,8,9) (1,4,6,7,8) {52,86,68,50,95,43,57,60,60,64}
[..##] (2) (0) (1) (2,3) (0,2) {171,12,24,10}
[####.] (1,3,4) (0,1,2,3) (1,2,4) {164,181,179,166,17}
[##..###.] (0,3,4,5) (0,1,4) (0,1,2,4,6) (2,3,5,7) (0,1,3,5,7) (4,5) {26,26,9,6,22,8,9,6}
[.......##] (0,1,2,3,6,7,8) (0,1,7,8) (1,6,7,8) (0,1,3,4,5,6,7) (2,3,4,5,6,8) (0,1,3,4,5,6,8) (1,4,5) {201,226,8,185,200,200,191,206,35}
[#.###..] (0,1,3,6) (2,4) (3,5) (2,4,5) (0,1,3,4,5,6) (0,1,4,5,6) (1,3,4,6) {20,39,15,26,53,27,39}
[####..#] (2,5,6) (2) (0,1,2,3,6) (1,4,5) (0,1,2,3,4,5) (0,3,6) (0,1,2) (2,3,5,6) {29,26,77,33,8,40,42}
[###.##...] (2,8) (0,1,2,3,4,6,7,8) (0,2,3,4,7,8) (0,2,3,5,6,7) (2,3,4,6,7,8) (1,2,3,4,5) (2,3,4,5,6,7) (1,2,3,4,5,6,7,8) (1,3,8) (5) (0,1,2,3,6,7,8) {35,44,76,72,40,38,57,61,56}
[.#...] (0) (0,3,4) (1,3,4) (0,2,3,4) (0,1) (3,4) {41,17,12,34,34}
[#..##..] (0,2) (2,5) (1,3,4,5,6) (0,1,2,4,5,6) (0,2,4) (1,2) (1,3,5,6) (0,2,3,4) (1) {32,21,48,24,44,32,16}
[###...##.] (0,6) (3,6,7) (0,4,5) (0,7) (1,2,3,4,5,6,7) (0,1,3,7) (0,3,4,6,8) (1,2,3,5,6,7,8) (2,7,8) {48,29,42,43,35,38,55,61,37}
[.##.###.##] (5,6,7) (0,1,5) (0,1,2,7) (1,3,4,6,8,9) (1,2,3,4,5,6,7,8) (0,2,4,6,7) (0,9) (1,2,3,6,7,8) (0,2,3,5,6,7,8,9) (3,7) (0,3,4,5,7,8) {27,40,36,65,36,47,56,71,46,21}
[#.#.#.#..] (0,1,5,6,8) (2,3) (1,3) (6,7) (0,2,4,6) (0,1,2,3,5,6,8) (1,2,3,4,5,6) (0,6) {30,22,22,23,20,5,54,20,1}
[#...] (3) (1,2) (0,1) (0) (0,1,2) (0,1,3) {43,45,23,9}
[.##.###.##] (0,1,2,8) (1,2,3,6,7,8,9) (5,7,9) (1,3,4,6,7) (1,2,3,6,7,9) (0,1,2,5,8,9) (3,7,8) (4,6,7,9) (3,4,7) (1,2,3,4,5,7,8,9) (0,2,3,4,5,7,8,9) {42,57,76,71,49,54,34,84,71,87}
[#..###.##] (1,2,4,6,7) (0,4,7) (0,3,4,5,7,8) (0,1,2,4,5,6) (0,1,2,3,5,6,7,8) (2,4,8) (2,8) (0,1,2,3,4,5,7,8) {48,48,65,35,41,45,33,45,52}
[##..##] (0,2,3,4) (1,2,3,5) (1,2,3,4) (2,3,5) {16,176,210,210,172,38}
[#.###] (2,3,4) (1,2,4) (0,1,3,4) (0,2,3) (1,2) {126,131,48,139,142}
[###..#...] (2,5,7) (0,6,8) (0,1,2,3,5,6) (0,2,6,7,8) (1,6,7,8) (0,2,4,5,7) (1,4,5,7) {36,39,55,16,18,54,41,62,25}
[#.#..##..#] (5) (1,2,4,7,8,9) (0,1,4,8) (6,8,9) (1,3,5) (0,2,4,8,9) (0,1,3,4,5,6,7) (0,2,3,4,5,7,8,9) (0,1,2,4,6,7) (3,6,7) (3,4,6,7,8,9) {24,42,34,46,55,33,56,64,50,48}
[.#.#] (2) (0,2,3) (0,3) (1,2) (0,1,2) (1) {22,39,45,20}
[#.###..] (1,2,3,4) (0,1,3,4,5) (1,2,4,5,6) (1,2,4) (1,2,3,4,6) (2,5,6) (0,2,3,5,6) (0,2,3,6) (0,3,4) {46,59,61,63,74,53,43}
[#...] (1,2) (0,1,2) (0,3) {21,149,149,7}
[....#..] (0,1,2,3) (1,2,6) (1,3,4,5) (3,4,5) (0,1,5,6) {17,50,27,37,24,28,18}
[.#..#] (0,1,3,4) (2,4) (1,4) {1,19,6,1,25}
[#...####.] (0,1,2,3,5,6,7,8) (0,1,2,3,4,5,6) (1,4,5,8) (3,4,5,6,7,8) (0,1,4,5,7,8) (2,3,4,6,7) (0,2,4) (1,2,3,5,7,8) (2,3,6,7) (1,2,6) {55,70,86,81,65,75,70,78,60}
[.###.#] (0,1,3) (1,5) (0,2) (2,4,5) (1) (0,2,3,4,5) {179,33,190,159,170,185}
[##..#] (0,2) (0,1,4) (0,2,4) (3) (0,1,2,4) {35,16,31,14,29}
[..#####] (2,3,4,5,6) (0,3,4,6) (1,2,5) (1,3,4,6) (0,5,6) (0,1,3,4,6) (3,6) {38,21,8,30,29,24,46}
[#...#...##] (5) (0,3,4,5,6,7,8) (0,1,3,4,5,6,8) (0,2,3,7,8,9) (0,1,2,3,5,6,7,9) (3,7,9) (0,1,3,4,7,8,9) (4,6) (0,3,5,6,8) (0,1,4,5,6,7,8) (0,2,3,5,6,7,9) {121,66,46,117,73,112,120,100,81,68}
[####.####] (1,2,4,6,8) (0,2,4,5,7,8) (1,4,7,8) (0,1,3,5,6,8) (0,3,4,5) (0,1,3,6,7,8) (1,2,8) (0,1,2,3,4,5,7,8) (0,1,2,3,5,6,7,8) (1,2,5,8) {54,81,55,46,33,62,42,51,89}
[..#.#..#..] (0,1,2,7,8) (0,1,2,4,6,8,9) (2,3,4,5,7,8,9) (2,4,5,6) (0,1,3,5,7) (0,1,2,3,5,6,7,9) (0,1,3,4,5,6,7) (0,1,2,3,4,6,7,9) (4,9) (3,4,5,6,7,8) (1,4,8,9) {206,219,193,199,201,81,199,216,66,177}
[##.##] (0,2,4) (0,3,4) (1) (0,2,3) {24,19,17,14,17}
[.##.##.#] (0,1,2,3,5,6) (0,1,2,4,5,6,7) (2,3,5,6,7) (1,2,4,5,7) (0,1,2,3,4,5) (0,1,2,3,4,6) (0,1,2) (2,4,5) (0,2,4,5,6) {44,39,61,23,40,51,24,10}
[..#.] (0) (0,2,3) (1) (0,2) {35,14,33,20}
[..##.##.] (0) (1) (6,7) (0,1,2,7) (1,2,3) (0,2,5,6,7) (4,6) (3,5,7) (0,1,2,6,7) (2,7) {52,137,170,120,8,26,45,72}
[#.##] (2) (0,3) (1,2) {6,12,19,6}
[.#.###.#.] (1,2,4,6,7,8) (4,7,8) (0,3,4,7,8) (2,7,8) (0,1,3,6,8) (2,5) (3,4) (0,2,3,4,6,7,8) (1,6) {27,12,27,36,231,1,27,229,230}
[...#.....] (0,3,4,6,7) (2,3,5) (1,2,4,5,6,7,8) (6,8) (0,2,3,4,5,7,8) (0,1,2,3,5) (1,2,3,4,5,7) {16,31,55,56,27,55,8,27,10}
[.#.##.] (3,5) (0,1,4) (1,3,4,5) (0,1,2,3,5) (2,3,5) (1,2,3,4) (1,2,5) {17,32,8,34,24,34}
[#.##] (0,1) (0,1,2) (1,2) (0,3) {26,20,19,11}
[.###.#.] (1,2,3,4,6) (2,4) (0,1,2,3,4,5) (1,2) (0,1,3,4,6) {12,39,32,26,26,5,21}
[#.#..] (0,3,4) (2,3,4) (0,1,3,4) (0,1) (0,2) {48,18,33,33,33}
[##....##.#] (7,9) (1,5,9) (4,6) (1,2,3,4,6,7) (2,6,7,8) (0,1,8) (0,1,2,3,4,5,7,9) (1,2,3,5,7) {15,57,149,31,24,44,135,155,126,31}
[#..#] (0,3) (1,3) (1,2) {4,9,7,6}
[##.#.###] (0,2,3,5,6) (1,3) (0,7) (0,2,5,6) (0,1,2,5,7) (0,1,2,3) (0,2,4) (0,1,2,3,6,7) {57,19,48,23,20,11,23,21}
[.###.] (2,4) (0,1,2,4) (3) (1,2,4) (0,1,2,3) (0,1,4) {19,27,32,15,43}
[#.##.###] (1,2,3,5) (5,7) (0,1,2,4,5,6) (0,1,2,3,4,6) (2,3,5,6,7) (1,4,5,7) {18,223,45,35,213,236,35,216}
[##..#] (1,2) (0,2,4) (0,1,4) (1,3,4) (0,2,3) (0,3) {43,29,30,35,26}
[.#..##.] (0,2,4,6) (1,2,4,5,6) (0,1,3,4) (0,1,2,4) (0,1) (0,1,3) (0,5) (0,1,6) {84,82,33,31,48,29,46}
[##.#] (0,2,3) (0,1,3) {5,4,1,5}
[..###] (1) (0,3,4) (0,2) (0,1,2) (2,4) (0,3) (1,3,4) {11,29,12,13,15}
[...##] (0,2,3) (4) (1,2,3,4) (0,1,2,3) (0,1,3) (1,2,4) {41,28,31,44,10}
[.##..###.#] (2,3,5,9) (5,6,7,8) (1,2,4,5,8,9) (6,7,9) (0,5,8,9) (3,4) (0,1,3,6,9) (0,1,2,3,4,5,7,8) (2,4,6,9) (0,1) (6) (0,1,2,3,7,8) (1,2,6,7,8) {46,64,51,61,48,39,58,45,52,57}
[....###..#] (0,1,2,3,6,7,9) (0,1,2,3,4,5,6,8) (0,1,4,5,6,7,8,9) (0,3,4,5) (1,2,3,4,6,7) (0,1,3,4,6,7,8,9) (1,2,3,4,5,9) (2,7,8,9) {38,42,29,42,48,39,28,31,28,44}
[####.] (1,4) (0,1,2,4) (0,1,2,3) (0,1,3,4) {26,27,16,12,25}
[####.#] (0,2,3) (0,2,3,4,5) (2,3,4,5) (0,2,4,5) (0,1,5) {14,1,29,21,27,28}
[####] (0,1) (0,2,3) (2,3) {27,15,16,16}
[.###] (2,3) (1,3) (0) (3) (0,2) (0,3) {187,1,28,28}
[#.###..#] (0,1,2,3,4,6) (0,1,2,3,6,7) (0,1,2,4,6,7) (0,1,3,4,5) (0,2,6) (0,2,7) {70,41,50,29,39,20,32,32}
[#.....##.#] (2,5) (2,6,7,8) (1,3,8,9) (2,3,6,7,8,9) (0,1,2,3,5,9) (1,2,3,7,8,9) (1,2,4,5,6,9) (0,2,4,5,6,9) (0,1,4,5) {28,47,78,40,39,56,53,25,40,76}
[....##] (0,1,3,5) (0,1,2,4) (2,5) (1,2,4,5) (1,2,3,4) (3) {20,40,54,23,35,28}
[##.###.#] (0,5,7) (0,1,2,3,4,6) (0,2,4,6) (2,3,5,6) (1,2,3,4,5,6) (2,3,4,5,7) (0,4,5,7) (0,1,2,6,7) (1,3,4,6,7) {61,42,55,44,59,36,67,50}
[#.#.#] (0,3,4) (1,2,4) (2,3) (0,2,3) (1,4) {122,22,48,133,125}
[#.#...####] (0,2,3,5,6,7,8) (0,5,6,8,9) (0,1,2,6,8) (1,3) (0,2,5,6,9) (1,2,3,4,5,6,8) (3,4,6,7,8,9) (0,2,6,7,8,9) (0,1,2,3,7) (1,2,3,4,5,6,8,9) (3,4) {206,62,75,93,39,177,211,53,198,174}
[.#.##...#] (0,2,5,7) (0,5,6,8) (0,2,3,4,6,7) (0,2,3,4,5,6,7,8) (1,3,4,5,6,7,8) (1,2,3,4,8) (0,1,3) (4,5,6) {172,155,29,174,40,29,36,25,18}
[.####] (0,1,4) (0,1,2) (0,1,2,4) (1,2,3) {26,38,36,12,22}
[....##...] (3,5) (4,7) (2,3,4,5,7) (0,2,4,7) (1,3,4,5,7,8) (0,2,3,4,5,6,8) (0,2) (5,6) (0,1,3,5) {35,21,32,52,36,60,21,23,22}
[..#####.] (3,7) (1,2,5,7) (0,1,4,5) (1,2,3,4,5,7) (1,2,3,4,7) (1,4,7) (4,6) (1,3,4,5,6) {7,49,17,188,59,26,25,210}
[#..###.] (0,5,6) (0,2,3,4,5) (2,3,6) (3,5) (0,1,2,4,5) (0,1,3) {41,12,33,40,24,36,18}
[#####...] (0,1,4,7) (0,3,4,6) (0,2,3,6) (0,1,2,3,4) (0,3,4,5,7) (5,7) {201,24,14,182,192,32,157,51}
[.####] (1,2) (0,4) (1,2,3) (1,2,4) {176,46,46,19,188}
[#.##.#.] (0,3,5) (0,1,2,3,4,6) (0,2,3,5) (0,1,2,3,6) (2,3,4,5) (1,4) (1,3,6) (4,5) (0,3,5,6) {56,38,46,84,23,48,52}
[#.##.###] (0,1,2,4,5,6,7) (0,1,2,7) (1,3,4) (2,4) (0,2,6,7) (0,2,5,6,7) {214,204,215,10,197,194,206,214}
[.#.##..#] (0,3,5,6) (0,6,7) (0,3,4,5) (0,1,4,5,6) (1,2,4,5,6) (1,2,4) (0,1,4,5) (2,3,4) (0,2,4,5,7) {69,39,43,31,76,65,25,23}
[..#.#.] (0,2,3) (1,2) (0,1,2,3,4) (1,2,3,4,5) {20,39,47,29,21,9}
[##..#.#.] (1,2,3,5,6) (2,5,6) (3,4) (0,1,2,4,5,6) (0,2,3,4,5,6,7) (1,2,3,5,7) (0,2,3,4,6,7) {27,21,32,149,160,27,28,15}
[#.....] (1,2) (3,4) (0,1,3,5) (0,1,4) (2,3) {19,37,37,42,14,14}
[###.##] (1,3,4) (0,1) (3,5) (1,2,3,4) (1,2,3,5) (0,2,4,5) (1,5) (0,4,5) {24,37,38,47,33,69}
[..#..] (0,1,2,3) (0,1,2,4) (0,1,4) {39,39,20,16,23}
[##.#.#.#] (0,5,6) (0,2,4,5,6,7) (0,1,3,6,7) (0,1,2,3,6,7) (1,2,4,5,7) (1,2,7) (2,3,4,5,6,7) (1,3,6) (0,3,7) (0,1,2,3,4) {68,71,69,65,35,49,87,78}
[#########.] (1,4) (0,1,2,3,4,5,6,7) (1,2,3,4,5,6) (0,3,5,6,7,8) (0,3,4,5,6,7,9) (1,3,5,7) (1,2,3,4,5,6,8,9) (4) (2,4,5,6) (0,1,5,6,7,8) (0,1,2,3,4,6,7,9) (6,9) (0,2,3,4,6) {61,70,45,85,85,69,80,76,18,45}
[###.#.] (0,1) (0,1,2,4) (1,2,3,4) (2) (0,1,3) (0,1,2,3,4) (3,4,5) {53,72,50,67,63,20}
[#..#.] (1,2,3,4) (0,1,2,4) (0,2,3,4) (3,4) {25,25,30,27,47}
[..#...#.] (0,1,2,6) (2,3,7) (4,7) (3,6,7) (0,1,2,3,4,5,6,7) (1,3,5) {23,34,23,41,25,31,33,35}
[.#.#] (0,2,3) (3) (1) (2) (0) {170,20,154,165}
[#.##.#] (0,1) (1,3,4,5) (0,1,2,4) (0,5) (5) (1,2,4,5) (0) (0,3) {203,170,150,11,154,28}
[..##.] (0,1,2,4) (2,3) (0,2,3) {13,11,24,13,11}
[##.#..#] (0,1,3,4,6) (0,1,3,4,5,6) (1,2,5) (1,3,4,5) (2,3,5) {22,41,13,48,38,31,22}
[.#....] (0,2,4,5) (4) (0,2,4) (2,3) (0,1,2,5) (0,1,2) {45,36,48,3,10,22}
[...###.] (0,4) (1,2,5) (1,2,4,5) (0,1,3,4,5) (2,3,4,6) (0,2,3,5,6) (0,5) (1,2,6) (1,5,6) {206,201,19,200,207,213,11}
[...###.] (0,3,5) (0,1,4,6) (5) (2,3,4,5,6) (0,1,3,4,5) (0,2,3,4,5,6) (1,3,6) (0,1,2,3,4) {37,30,16,36,35,27,21}
[..##..#..#] (3,4,7,8,9) (4,5,9) (1,3,4,6,7,8,9) (0,1,2,4,5,8,9) (4,5) (4,6) (0,2,3,4,6,7,8,9) (0,1) (3,7,8) (3,4,7) (0,1,2,3,4,5,6,7,8) (0,1,2,5,7,8,9) {48,52,42,48,74,41,40,57,55,42}
[.##..] (1,2) (0,2,3,4) (0,1,3,4) {17,20,19,17,17}
[#.##...#..] (0,4,5,8) (2,3,6,7,8,9) (0,1,6) (3,4,7) (0,9) (0,2,3,4,7,8,9) (2,3,8) (1,4,9) (0,1,2,3,4,5,9) (1,2,4,6,7,8) (0,1,2,4,5,6) (0,1,4,5,6,9) {72,52,56,61,88,33,32,44,56,47}
[...#####] (0,2,3,5,7) (0,6) (1,3,5,6) (3,6) (1,6,7) (0,1,2,3,4,5) (1,2,3,4,6,7) (0,3,4,5,7) {38,142,135,188,145,45,167,153}
[..##.] (0,2,3) (2,3) (1,4) {9,11,9,9,11}
[#..#.###.] (1,2,3,7) (1,2,4,5,7,8) (0,1,2,3,4,5,6) (0,1,2,6,7,8) (0,1,4,8) (0,1,2,5) (3,4) {39,49,48,187,186,25,27,27,22}
[##.###..##] (1,6) (2,5,6,7,8) (0,2,4,5) (0,5) (1,3,4,6,7) (3,8) (2,4,6,7,9) (2,6,8) (1,2,4,6,7) (0,4,8) (3,6) {182,50,62,31,205,35,97,45,196,1}
[..#...#] (0,1,2,5) (2,3) (0,1,2,5,6) (0,1,3,4,5) (2,3,4) (3,4) (0,2,4,6) {45,36,45,41,38,36,24}
[.###] (0,3) (1,3) (1,2,3) {153,28,17,181}
[#.#..#] (3,5) (0,5) (1,4) (1,2) (0,1,2,4,5) {1,199,179,6,20,7}
[.#.#] (0,2) (0,3) (1,2) (0,1,2) {18,10,11,11}
[##..#] (1,2,4) (1,2) (1,3,4) (1,2,3) (2,3) (0,2,3) (2,4) {13,49,69,58,49}
[#..##..##.] (8) (0,1,4,7,8,9) (0,3,4,7,8) (1,7) (1,5) (1,3,4,5,6,7,8,9) (2,3,4,5,8,9) (1,2,3,4,7,8,9) (2,6) {18,38,49,47,52,29,23,44,70,39}
[###...#] (0,5,6) (2,3,4) (0,5) (1,3,4) (1,4,5) (0,3,4,5,6) (1,2,3,4,5) {10,116,8,114,126,25,5}
[##..] (1,3) (1) (1,2) (0,1) (2,3) {13,66,31,27}