[#..##.] (0,3,4) (0,1,3,4) (0,4,5) (0,1,4,5) (0,1,5) (3,4) (0,2,4,5) {60,29,9,17,52,54}
[#.#.] (0,3) (0,1) (0,1,2) (2,3) {200,188,24,32}
[######..##] (2) (0,1,5,9) (2,3,4,5,6,9) (0,1,2,3,4,5,8,9) (1,3,4,6,7,8,9) (0,1,3,4,5,6,8) (1,8,9) (3,4,5,9) (1,2,3,4,6,7,8) (3,8) {48,77,62,89,83,71,55,27,68,70}
[##.....] (1,4,5,6) (0,5) (3,5) (2,5) (0,3,6) (1,4,5) (2) (1,3,5,6) {2,35,16,3,33,46,23}
[.####..#.] (1,4,5,7) (0,2,6,8) (0,1,4,5,6,7,8) (0,1,2,3,5,6,8) (1,6,7,8) (0,1,2,4,5,7) (3,4) {30,41,19,7,31,30,34,38,34}
[...#..#.#.] (1,2,3,4,5,6,7,8,9) (2,7) (3,4,6,8) (0,2,3,5,6,8,9) (2,3,6,7,8,9) (1,6,9) (3,8) (1,3,4,5,7,8) (0,1,6,9) (2,3,7,8,9) (0,1,3,4,6,7,9) (0,2,3,8) {45,59,170,106,43,41,91,156,103,89}
[..##..####] (4,6) (0,2,3,4,5,7,9) (1,3,5,9) (4,7) (2,5,7,8,9) (1,6,8) (0,1,2,3,8) (0,1,2,3,4,5,6,7,9) (2,3,6,7,8,9) {49,56,69,89,48,49,42,62,43,69}
[..#..##] (2,3,4,5,6) (0,2) (0,1,4,6) (1,4,5) (0,3,4,5) (1,2,3,4) {30,15,216,206,219,211,203}
[#.#.] (0,1,3) (0,2) {189,17,172,17}
[.##.] (0,2) (1) (1,3) (0,3) (2,3) (3) {19,12,14,41}
[##.##.....] (1,3,7,8) (1,3,5,8) (0,2,3,4,5,6,8) (8) (0,1,2,3,5,7,8,9) (0,2,6,7) (4,6,7) (0,1,7,8,9) (2,3,5,8,9) (0,4,5,6) (1,4,5,9) (2,3,4,6,8,9) (2,4,6,8,9) {220,54,231,228,238,235,238,54,267,70}
[#.#####.] (3,4) (0,2) (1,3,4,7) (2,3,5,6) (0,2,6) (1,2,4,6,7) {20,22,34,31,25,10,33,22}
[.##...#.] (4,5) (0,1,2,3,7) (0,1,2,3,6) (0,1,2,4,6,7) (3,4,7) (0,3,6,7) {64,50,50,174,163,15,50,176}
[#####.#.#.] (0,8) (1,4,6,9) (4) (0,2,3,4,5,7,8) (0,1,2,3,4,5,6,7) (1,3,5,7) (1,3,9) (4,7) {43,47,36,67,51,51,16,51,27,16}
[..###.] (4,5) (1,2,3,4,5) (1,5) (0,3,4,5) (0,1,2,3,4) (1,2,3,4) (0,1,3,5) (0,2,3) {34,49,41,63,47,38}
[####] (0,3) (0,2,3) (3) (0,2) (1,2) (2,3) {26,15,52,55}
[.##....] (0,1,5) (0,1,2,3,5,6) (0,1,2,3,4) (0,3,4) (0,1,2,5) {54,37,35,39,36,18,3}
[###.#] (0,1,3) (3) (0,1,2,3) (2,3,4) (1,2) {14,30,23,27,3}
[#.##..#.#.] (0,1,2,3,5,6,7,8,9) (0,1,2,4,5,7,9) (1,3,6,9) (1,2,4,6) (2,3,4,9) (5,6,7) (0,1,5,6,8,9) (2,7) {35,55,36,40,18,49,64,37,30,58}
[.##..] (1,4) (1,2,3,4) (2,3) (0,3,4) (0,4) (3,4) (0,1,2,3) {25,22,8,43,60}
[...#......] (2,3,7,8) (5,7,8) (0,1,2,3,5,6,7,9) (0,1,6,8) (2,4,5,8) (0,1,2,3,4,5) (0,1,2,3,4,5,6,8) (0,1,4,6,7,8,9) {43,43,51,47,29,42,38,35,56,12}
[.#.#] (1,3) (0,2) {1,3,1,3}
[..###...#.] (1,3,4,7,8,9) (0,2,3,5,6,7,9) (0,1,2,3,4,5,6,8,9) (0,1,2) (2,6) (0,4,5,6,7,8,9) (0,2,3,4,5,8,9) (0,1,2,4,6,8) (5,7) (3,7,8) {58,22,43,37,42,56,35,50,51,46}
[.###] (1) (2,3) (0,1,3) (0,3) (0,2) {16,6,17,33}
[.##...] (2,3,5) (0,4,5) (0,1,2,4,5) (1,2,5) (0,2,3,4,5) (1,3,4,5) {40,48,46,32,57,81}
[##..] (0,1) (0,2,3) (0,2) {24,10,14,2}
[..#..] (3,4) (0,2) (2,3,4) (4) (0,1,4) (1,3) (1,2,4) {24,34,34,22,51}
[##...#] (0,3,4,5) (0,1,2,3,4) (1,3,4,5) (0,3,5) (0,2,3) (0,2,3,5) {155,27,128,170,35,53}
[#.##.#] (1,2,3,4) (1,5) (0,1,4,5) (2,5) {5,38,33,19,24,33}
[#####..#] (0,1,3,5,6,7) (1,2,6) (0,1,2,3,4,7) (0,3,5,7) (0,2,4,7) (2,5,7) (0,1,3,4,6) {45,28,26,28,25,25,27,43}
[#....###.] (0,1,2,4,5) (0,4,5,7) (2,3,4,5,6,7,8) (1,2,3,4,5,6,7) (0,1,2,3,6,7,8) (0,3,4,6,7,8) (0,1,2,3,4,5,7) (5,6,7) (0,1,2,3,5,6,7) (0,2,3,4,7,8) {193,168,188,179,66,84,170,206,146}
[#.###.] (0,3,4) (1,3,5) (3) (0,2,3,4) {9,19,4,29,9,19}
[####..] (2,3,5) (3,4) (1,2,3,5) (0,2,4) (0,4,5) {23,0,29,27,39,16}
[##.#..####] (5,8) (2,7,9) (0,1,4,5,7,8) (1,2,4) (0,2,4,9) (2,7) (1,2,3,4,5,6,7,8,9) (0,4,6,7) (0,1,3,6,7,8,9) {48,43,196,30,45,36,37,211,55,196}
[..#.#.....] (1,7) (3,6) (0,1,2,3,4,5,7,8,9) (0,1,2,3,5,6,8,9) (0,1,2,5,7) (0,1,3,4,5,6,8,9) (0,1,2,5,6,7,8,9) (0,1,2,3,4,6,9) {57,65,56,43,24,40,46,36,27,44}
[#.##...##] (3,4,6,7) (0,4,7,8) (2,3,5) (1,4) (2,5,7) (0,1,2,3,4,5,8) (2,3,4,6,7) {31,26,63,49,57,47,19,48,31}
[.##...###] (2,4,8) (0,2,6,7,8) (0,3,4,5) (3,7) (2,4,5,8) (1,8) (1,2,4,6,7,8) (3,6) (0,1,2,4,5,7,8) (4,6) (3,7,8) {28,16,157,47,160,140,37,58,185}
[####..#.] (0,3) (0,2,3,5,6) (5,7) (0,1,2,3,4,6) (0,3,4,6,7) (1,7) (2,4) (0,3,7) (1,6) {36,23,33,36,24,30,39,33}
[.###.] (0,2,4) (0,1,2,4) (0,1,2) (1,2,3,4) {25,22,25,0,16}
[#...#.] (1,3,4,5) (0,1) (0,2,4,5) (0,1,4) (3,4) (1,3) {32,173,11,161,28,12}
[#.##] (1,2,3) (0,2,3) {12,0,12,12}
[###.#.#...] (4,5,9) (1,2,4,6,7,8) (2,3,4,5,6,9) (0,3,8) (0,1,2,3,4,7,9) (0,1,6,8,9) (1,2,9) (0,1,2,3,6,8) (0,1,2,4,5,6) (1,4,5,7,8,9) (1,4,6,7,8) {52,86,68,50,95,43,57,60,60,64}
[..##] (2) (0) (1) (2,3) (0,2) {171,12,24,10}
[####.] (1,3,4) (0,1,2,3) (1,2,4) {164,181,179,166,17}
[##..###.] (0,3,4,5) (0,1,4) (0,1,2,4,6) (2,3,5,7) (0,1,3,5,7) (4,5) {26,26,9,6,22,8,9,6}
[.......##] (0,1,2,3,6,7,8) (0,1,7,8) (1,6,7,8) (0,1,3,4,5,6,7) (2,3,4,5,6,8) (0,1,3,4,5,6,8) (1,4,5) {201,226,8,185,200,200,191,206,35}
[#.###..] (0,1,3,6) (2,4) (3,5) (2,4,5) (0,1,3,4,5,6) (0,1,4,5,6) (1,3,4,6) {20,39,15,26,53,27,39}
[####..#] (2,5,6) (2) (0,1,2,3,6) (1,4,5) (0,1,2,3,4,5) (0,3,6) (0,1,2) (2,3,5,6) {29,26,77,33,8,40,42}
[###.##...] (2,8) (0,1,2,3,4,6,7,8) (0,2,3,4,7,8) (0,2,3,5,6,7) (2,3,4,6,7,8) (1,2,3,4,5) (2,3,4,5,6,7) (1,2,3,4,5,6,7,8) (1,3,8) (5) (0,1,2,3,6,7,8) {35,44,76,72,40,38,57,61,56}
[.#...] (0) (0,3,4) (1,3,4) (0,2,3,4) (0,1) (3,4) {41,17,12,34,34}