[#....#...] (3,5,6,8) (1,6) (1,2,4,7,8) (3,4,5,7,8) (0,2,4,5,6,8) (0,1,3) (1,2,6,7,8) (0,5) (0,1,4,6,8) {42,46,38,34,52,33,33,36,61}
[##....] (2,3,4,5) (2,3) (0,2,4) (2,4,5) (0,1,3,4) (0,2,3) (0,1,2,5) (1,2,3,5) {28,29,88,55,42,65}
[###..##] (0,2,4,5) (1,3,5,6) (2,4) (0,1,2,5,6) (0,3,4,5,6) {37,22,48,8,34,39,28}
[####.###.#] (0,1,2,8,9) (0,2,9) (0,1,4,5,9) (0,3,7,9) (1,4,5) (1,2,8,9) (0,3,5,6,7,8) (0,2,5,7,9) (4,5,6) (2,3,4,7,8) {177,39,175,23,41,176,22,157,28,186}
[##.##] (0,1,3,4) (0,3) (2) {23,9,11,23,9}
[......#] (0,5,6) (3,4,6) (0,2) (0,2,3,5) (1,4,6) (2,6) (2,4,5,6) {9,5,22,8,21,19,38}
[..#.] (2,3) (1,3) (0,3) (0) {16,3,16,26}
[#...##.] (0,3,4,5,6) (1,2,4) (0,3,5,6) (3,6) (1,2,4,5,6) {35,18,18,47,35,47,59}
[#..###.#] (0,2,3,4,5) (2,3,4,5,7) (1,3,4,5,6,7) (3,6) (1,3,4) (0,4) (0,1,3,4,5,7) (2,4,6,7) (0,1,3,4,5,6,7) {31,36,32,72,84,53,44,63}
[.###.#.#] (1,5,7) (0,1,2,3,5,6) (1,2,3,4,6) (6) (1,2) (0) (2,7) (2,4) (5,6) (1,2,3,4,5,7) {30,67,220,45,35,56,52,199}
[#..#.#...] (4,7,8) (0,1,4,7,8) (1,5,6) (0,2,7) (0,1,2,3,4,5,6,8) (7,8) (0,1,4,5,6,7,8) (1,2,7) (1,3,5) (1,3,4,8) (2) {34,79,33,27,62,27,26,72,71}
[.######] (0,2,3,4,6) (1,2,4,6) (3,6) (4) (2,4) (0,1,2,3,6) (1,2,3,5,6) (4,5) {17,25,46,41,55,23,44}
[...####.##] (2,3) (0,2,4,5,6,7,8,9) (0,1,2,4,5,6,8,9) (0,1,3,4,8,9) (0,1,2,4,7,8,9) (1,2,3,4,6,7,8) (0,1,4,5,6,7) (1,3,6) (0,1,3,4,7) (1,4) (0,1,2,5,6,7,8) (0,1,2,3,4,5,6,8,9) {80,122,88,80,94,45,76,74,82,42}
[##...#....] (1,3,9) (0,1,2,3,4,7,8,9) (1,4,8) (3,5,8,9) (0,1,3,5,7,8,9) (0,2,4,6,7,8) (1,2,4,5,6,7,8,9) (0,6,8,9) (2,6) (0,2,6,8,9) (9) {38,32,35,25,17,22,46,28,49,53}
[##.####] (0,2,5,6) (4) (0,2,4,6) (2,3,4,5) (0,1) (1,3,5) (3,4,5,6) (2,6) (0,3,4,5,6) {45,15,30,53,58,67,56}
[###.##.#] (1,2,3,5,6) (0,1) (1,2,3,4,5,6) (0,1,2,4,5,7) (4,5) (0,1,2,3,5,7) (0,2,4,5,6,7) (1,5,6,7) {19,42,23,21,205,213,23,10}
[.....#] (0,1,2,3,5) (0,2,3,4,5) (1,4,5) (1,3,4,5) (3,4) {11,29,11,42,50,39}
[####.#] (1,3,4) (0,2,3) (0,2,3,4) (0,2,5) (4,5) {34,4,34,20,28,29}
[.###..#.#] (1,3,4,5,8) (5,6) (1,3,7) (0,2,7,8) (7,8) (1,2) (3,8) (3,4,5) (4,6) (0,1,2,4,5,6,8) {4,54,24,55,39,37,23,17,39}
[#.#....###] (3,5,6,8) (0,1,2,4,6) (4,5,7,9) (9) (4,9) (0,5,7,8,9) (1,9) (0,3,5,8) (2,3,7) (0,2,3,4,6,8,9) (0,2,7,8) (1,2,3,4,5,6,8,9) {23,23,33,67,40,70,37,27,57,42}
[.#.#..#..] (0,1,2,3,5,6,8) (1,4,6,7,8) (1,4,6) (0,1,4,5) (0,1,2,3,4,6,7,8) (0,2,3,4) (0,1,3,5,7,8) (0,2,3,4,6) {63,47,49,49,62,30,50,16,32}
[##.###] (3,5) (1,2,4) (0,1,4) (0,1,4,5) (0,3,4) (0,2,4) (1,3,4) {39,41,2,28,55,5}
[#...##.##] (1,3,4,5,6,8) (1,2,4,5,7) (0,8) (1,3) (1,2,3,4,5) (0,1,2,3,7,8) (0,1,2,6,7) (2,3) {22,184,183,183,160,160,11,29,27}
[.##.#.##.] (6,7) (0,2,3,6,8) (1,7) (2,4) (0,3,4,5,6,7,8) (4,5) (2,3,4,5,7,8) (4,6,8) (1,2,3,4,5,6,8) {2,17,27,28,48,46,25,20,30}
[....#.##] (0,1,3,4,5,6,7) (0,2,3,4,5,7) (1,2,3,5) (2,6) (0,1,2,3,5,6,7) (4,6,7) (0,2,4,7) {14,16,19,21,14,21,7,15}
[##....#...] (2,3,4,5,6,7) (0,1,2,3,4,6,9) (0,1,3,4,6,8,9) (1,2,3,4,6) (1,4,5,6,8,9) (2,4,5,8,9) (0,1,3,4,5,8,9) (0,1,2,6) (2,7,8,9) (1,2,4,8) (3,4,6,7,8,9) (0,2,5,7,8) (0,1,2,4,5,6,8,9) {79,95,119,80,137,88,128,63,122,126}
[.###.#.##.] (2,4,7,9) (0,1,3,7,9) (0,1,2,3,6,7,9) (2,3,6,7) (0,3,4,5,6,7,8) (2,5,9) (0,1,2,4,7) (1,2,3,4,8) (0,1,2,3,4) {65,51,68,78,37,25,51,74,16,43}
[#.##..] (3,4,5) (3) (0,2,5) (1,2,3,5) (0,4) (1,3,4,5) (2) {27,24,34,50,56,54}
[.##..] (2) (0,4) (1,2) (2,3) {158,7,39,12,158}
[#.#..#] (0,2) (1,3,4,5) (2,3) (0,1,4) {13,175,7,169,175,165}
[.#..##] (1,3,4) (3) (0,2,3,5) (5) (3,4,5) (0,1,3,4) (0,1,2,3,4) (0,1) {47,40,27,54,36,27}
[....#.#..] (1,4,5,8) (0,1,2,5,7,8) (1,6,8) (0,1,5,7,8) (1,2,4,5,6,8) (5,6) (0,2,3,4,8) {31,41,30,10,18,42,29,21,51}
[#..##] (1,2,4) (1,3) (1,2) (1,3,4) (0,2) (3,4) {20,26,25,31,23}
[##..#.....] (1,2,3,4,6,8) (0,4,6) (1,2,3,6,7,9) (0,1,2,3) (0,1,3,4,7) (1,2,3,5,6,7,8,9) (7,9) (2,8) (0,5,7,8) (1,3,5,6,7,8,9) (0,1,3,5,8,9) (0,2,3,4,7,9) (4,8) {85,92,78,111,55,53,58,95,81,88}
[.##..####] (0,1,3,4,5,6,7) (0,1,3,6,8) (0,3,7,8) (0,1,2,4,5,6,8) (2,3,4,5,8) (3,6,7) (1,3) (1,2) (0,1,4,8) (2,4,7) {224,243,204,48,208,189,202,28,217}
[....#..###] (0,2,3,4,5,7,8) (0,1,3,5,6,8,9) (0,1,4,5,6,7) (3,4) (0,1,2,5,6,7,8,9) (0,2,5,6,9) (2,4,5) (0,1,2,3,7) {53,38,42,49,51,48,24,45,23,10}
[.#####.] (0,1) (1) (5,6) (1,2,4,5) (1,4,5) (0,2,3,4,5,6) (3,4,6) (0,3,4,6) {199,201,27,31,59,60,50}
[####.##] (1,2,3,6) (1,3,4,5) (1,4) (2,3,4,5) (0,1,3,6) (1,5) {2,30,22,42,42,39,5}
[##.###.##.] (0,3,4,6,7) (1,2,4,8) (0,3,6,7,8,9) (6,7) (3,8,9) (0,2,5,8) (0,1,3,4,5,6,8,9) (0,5,7,9) (1,4,7,9) (3,4,9) {47,178,27,57,212,26,54,180,50,184}
[##..##..] (0,1,3,4,5,6) (2,4,6) (1,5,6,7) (0,4,5) (3,6) (1,2,3,5,6) (0,2,4,5,6,7) {31,34,131,26,148,48,168,25}
[.###...] (4,6) (0,1,2,4,6) (0,1,2,3,5) (1,2,5) (0,1,2,3,4) (4,5) {31,41,41,17,135,23,131}
[##.#] (0) (0,1) (1,2,3) (1,2) (2,3) {184,206,50,38}
[#.##] (1,3) (0,2,3) {13,16,13,29}
[#.#.#] (0,3,4) (1,4) (1,2,3,4) (0,2,3,4) {21,29,31,32,50}
[.##..#.#.] (0,1,2,3,5,7,8) (2,3,4,5,6,7,8) (1,2,3,8) (0,2,4,5,6,7) (1,2,4,7,8) (4,6) (0,2,4,5,7) (1,2,4,5,6,7) (4,5) (0,1,2,4,6,7,8) (1,2,4) {226,67,292,46,289,269,234,273,69}
[#.#.###.] (4,6) (0,1,2,3,4,6) (1,3,4,5,7) (0,3,6) (0,3,6,7) (0,5) (2,3,4) (0,1,5,6) {194,167,174,192,196,15,201,2}
[##....] (0,2,3,5) (1,3,5) (1,3,4,5) (1,2,4) (0,1,4,5) (0,2,3) {23,56,20,25,55,41}
[.#.##....] (2,4,5,8) (0,1,2,3,4,6,8) (0,6,7) (1,3,4) (0,1,3,6,7) (1,8) (0,2) {23,12,19,8,12,7,11,11,11}
[...#...##] (0,3,6,7,8) (2,4) (0,1,2,3,4,5,8) (0,1,2,5,6,8) (0,1,2,3,5,6,7) (1,2,3,5,6,7,8) (2,3,4,7) (2,7) (1,7,8) (1,3,5,6,8) (2,4,5,8) {50,67,97,68,52,65,49,58,70}
[###....#] (0,1,3,4,6) (0,2,3,6) (0,3,4,6) (1,2,5,6) (0,7) (0,1) (5,6) (0,4,6,7) (0,1,3,4,7) (0,6) {79,48,17,16,36,31,68,46}