[#..##..] (0,2) (2,5) (1,3,4,5,6) (0,1,2,4,5,6) (0,2,4) (1,2) (1,3,5,6) (0,2,3,4) (1) {32,21,48,24,44,32,16}
[###...##.] (0,6) (3,6,7) (0,4,5) (0,7) (1,2,3,4,5,6,7) (0,1,3,7) (0,3,4,6,8) (1,2,3,5,6,7,8) (2,7,8) {48,29,42,43,35,38,55,61,37}
[.##.###.##] (5,6,7) (0,1,5) (0,1,2,7) (1,3,4,6,8,9) (1,2,3,4,5,6,7,8) (0,2,4,6,7) (0,9) (1,2,3,6,7,8) (0,2,3,5,6,7,8,9) (3,7) (0,3,4,5,7,8) {27,40,36,65,36,47,56,71,46,21}
[#.#.#.#..] (0,1,5,6,8) (2,3) (1,3) (6,7) (0,2,4,6) (0,1,2,3,5,6,8) (1,2,3,4,5,6) (0,6) {30,22,22,23,20,5,54,20,1}
[#...] (3) (1,2) (0,1) (0) (0,1,2) (0,1,3) {43,45,23,9}
[.##.###.##] (0,1,2,8) (1,2,3,6,7,8,9) (5,7,9) (1,3,4,6,7) (1,2,3,6,7,9) (0,1,2,5,8,9) (3,7,8) (4,6,7,9) (3,4,7) (1,2,3,4,5,7,8,9) (0,2,3,4,5,7,8,9) {42,57,76,71,49,54,34,84,71,87}
[#..###.##] (1,2,4,6,7) (0,4,7) (0,3,4,5,7,8) (0,1,2,4,5,6) (0,1,2,3,5,6,7,8) (2,4,8) (2,8) (0,1,2,3,4,5,7,8) {48,48,65,35,41,45,33,45,52}
[##..##] (0,2,3,4) (1,2,3,5) (1,2,3,4) (2,3,5) {16,176,210,210,172,38}
[#.###] (2,3,4) (1,2,4) (0,1,3,4) (0,2,3) (1,2) {126,131,48,139,142}
[###..#...] (2,5,7) (0,6,8) (0,1,2,3,5,6) (0,2,6,7,8) (1,6,7,8) (0,2,4,5,7) (1,4,5,7) {36,39,55,16,18,54,41,62,25}
[#.#..##..#] (5) (1,2,4,7,8,9) (0,1,4,8) (6,8,9) (1,3,5) (0,2,4,8,9) (0,1,3,4,5,6,7) (0,2,3,4,5,7,8,9) (0,1,2,4,6,7) (3,6,7) (3,4,6,7,8,9) {24,42,34,46,55,33,56,64,50,48}
[.#.#] (2) (0,2,3) (0,3) (1,2) (0,1,2) (1) {22,39,45,20}
[#.###..] (1,2,3,4) (0,1,3,4,5) (1,2,4,5,6) (1,2,4) (1,2,3,4,6) (2,5,6) (0,2,3,5,6) (0,2,3,6) (0,3,4) {46,59,61,63,74,53,43}
[#...] (1,2) (0,1,2) (0,3) {21,149,149,7}
[....#..] (0,1,2,3) (1,2,6) (1,3,4,5) (3,4,5) (0,1,5,6) {17,50,27,37,24,28,18}
[.#..#] (0,1,3,4) (2,4) (1,4) {1,19,6,1,25}
[#...####.] (0,1,2,3,5,6,7,8) (0,1,2,3,4,5,6) (1,4,5,8) (3,4,5,6,7,8) (0,1,4,5,7,8) (2,3,4,6,7) (0,2,4) (1,2,3,5,7,8) (2,3,6,7) (1,2,6) {55,70,86,81,65,75,70,78,60}
[.###.#] (0,1,3) (1,5) (0,2) (2,4,5) (1) (0,2,3,4,5) {179,33,190,159,170,185}
[##..#] (0,2) (0,1,4) (0,2,4) (3) (0,1,2,4) {35,16,31,14,29}
[..#####] (2,3,4,5,6) (0,3,4,6) (1,2,5) (1,3,4,6) (0,5,6) (0,1,3,4,6) (3,6) {38,21,8,30,29,24,46}
[#...#...##] (5) (0,3,4,5,6,7,8) (0,1,3,4,5,6,8) (0,2,3,7,8,9) (0,1,2,3,5,6,7,9) (3,7,9) (0,1,3,4,7,8,9) (4,6) (0,3,5,6,8) (0,1,4,5,6,7,8) (0,2,3,5,6,7,9) {121,66,46,117,73,112,120,100,81,68}
[####.####] (1,2,4,6,8) (0,2,4,5,7,8) (1,4,7,8) (0,1,3,5,6,8) (0,3,4,5) (0,1,3,6,7,8) (1,2,8) (0,1,2,3,4,5,7,8) (0,1,2,3,5,6,7,8) (1,2,5,8) {54,81,55,46,33,62,42,51,89}
[..#.#..#..] (0,1,2,7,8) (0,1,2,4,6,8,9) (2,3,4,5,7,8,9) (2,4,5,6) (0,1,3,5,7) (0,1,2,3,5,6,7,9) (0,1,3,4,5,6,7) (0,1,2,3,4,6,7,9) (4,9) (3,4,5,6,7,8) (1,4,8,9) {206,219,193,199,201,81,199,216,66,177}
[##.##] (0,2,4) (0,3,4) (1) (0,2,3) {24,19,17,14,17}
[.##.##.#] (0,1,2,3,5,6) (0,1,2,4,5,6,7) (2,3,5,6,7) (1,2,4,5,7) (0,1,2,3,4,5) (0,1,2,3,4,6) (0,1,2) (2,4,5) (0,2,4,5,6) {44,39,61,23,40,51,24,10}
[..#.] (0) (0,2,3) (1) (0,2) {35,14,33,20}
[..##.##.] (0) (1) (6,7) (0,1,2,7) (1,2,3) (0,2,5,6,7) (4,6) (3,5,7) (0,1,2,6,7) (2,7) {52,137,170,120,8,26,45,72}
[#.##] (2) (0,3) (1,2) {6,12,19,6}
[.#.###.#.] (1,2,4,6,7,8) (4,7,8) (0,3,4,7,8) (2,7,8) (0,1,3,6,8) (2,5) (3,4) (0,2,3,4,6,7,8) (1,6) {27,12,27,36,231,1,27,229,230}
[...#.....] (0,3,4,6,7) (2,3,5) (1,2,4,5,6,7,8) (6,8) (0,2,3,4,5,7,8) (0,1,2,3,5) (1,2,3,4,5,7) {16,31,55,56,27,55,8,27,10}
[.#.##.] (3,5) (0,1,4) (1,3,4,5) (0,1,2,3,5) (2,3,5) (1,2,3,4) (1,2,5) {17,32,8,34,24,34}
[#.##] (0,1) (0,1,2) (1,2) (0,3) {26,20,19,11}
[.###.#.] (1,2,3,4,6) (2,4) (0,1,2,3,4,5) (1,2) (0,1,3,4,6) {12,39,32,26,26,5,21}
[#.#..] (0,3,4) (2,3,4) (0,1,3,4) (0,1) (0,2) {48,18,33,33,33}
[##....##.#] (7,9) (1,5,9) (4,6) (1,2,3,4,6,7) (2,6,7,8) (0,1,8) (0,1,2,3,4,5,7,9) (1,2,3,5,7) {15,57,149,31,24,44,135,155,126,31}
[#..#] (0,3) (1,3) (1,2) {4,9,7,6}
[##.#.###] (0,2,3,5,6) (1,3) (0,7) (0,2,5,6) (0,1,2,5,7) (0,1,2,3) (0,2,4) (0,1,2,3,6,7) {57,19,48,23,20,11,23,21}
[.###.] (2,4) (0,1,2,4) (3) (1,2,4) (0,1,2,3) (0,1,4) {19,27,32,15,43}
[#.##.###] (1,2,3,5) (5,7) (0,1,2,4,5,6) (0,1,2,3,4,6) (2,3,5,6,7) (1,4,5,7) {18,223,45,35,213,236,35,216}
[##..#] (1,2) (0,2,4) (0,1,4) (1,3,4) (0,2,3) (0,3) {43,29,30,35,26}
[.#..##.] (0,2,4,6) (1,2,4,5,6) (0,1,3,4) (0,1,2,4) (0,1) (0,1,3) (0,5) (0,1,6) {84,82,33,31,48,29,46}
[##.#] (0,2,3) (0,1,3) {5,4,1,5}
[..###] (1) (0,3,4) (0,2) (0,1,2) (2,4) (0,3) (1,3,4) {11,29,12,13,15}
[...##] (0,2,3) (4) (1,2,3,4) (0,1,2,3) (0,1,3) (1,2,4) {41,28,31,44,10}
[.##..###.#] (2,3,5,9) (5,6,7,8) (1,2,4,5,8,9) (6,7,9) (0,5,8,9) (3,4) (0,1,3,6,9) (0,1,2,3,4,5,7,8) (2,4,6,9) (0,1) (6) (0,1,2,3,7,8) (1,2,6,7,8) {46,64,51,61,48,39,58,45,52,57}
[....###..#] (0,1,2,3,6,7,9) (0,1,2,3,4,5,6,8) (0,1,4,5,6,7,8,9) (0,3,4,5) (1,2,3,4,6,7) (0,1,3,4,6,7,8,9) (1,2,3,4,5,9) (2,7,8,9) {38,42,29,42,48,39,28,31,28,44}
[####.] (1,4) (0,1,2,4) (0,1,2,3) (0,1,3,4) {26,27,16,12,25}
[####.#] (0,2,3) (0,2,3,4,5) (2,3,4,5) (0,2,4,5) (0,1,5) {14,1,29,21,27,28}
[####] (0,1) (0,2,3) (2,3) {27,15,16,16}
[.###] (2,3) (1,3) (0) (3) (0,2) (0,3) {187,1,28,28}