[#.###..#] (0,1,2,3,4,6) (0,1,2,3,6,7) (0,1,2,4,6,7) (0,1,3,4,5) (0,2,6) (0,2,7) {70,41,50,29,39,20,32,32}
[#.....##.#] (2,5) (2,6,7,8) (1,3,8,9) (2,3,6,7,8,9) (0,1,2,3,5,9) (1,2,3,7,8,9) (1,2,4,5,6,9) (0,2,4,5,6,9) (0,1,4,5) {28,47,78,40,39,56,53,25,40,76}
[....##] (0,1,3,5) (0,1,2,4) (2,5) (1,2,4,5) (1,2,3,4) (3) {20,40,54,23,35,28}
[##.###.#] (0,5,7) (0,1,2,3,4,6) (0,2,4,6) (2,3,5,6) (1,2,3,4,5,6) (2,3,4,5,7) (0,4,5,7) (0,1,2,6,7) (1,3,4,6,7) {61,42,55,44,59,36,67,50}
[#.#.#] (0,3,4) (1,2,4) (2,3) (0,2,3) (1,4) {122,22,48,133,125}
[#.#...####] (0,2,3,5,6,7,8) (0,5,6,8,9) (0,1,2,6,8) (1,3) (0,2,5,6,9) (1,2,3,4,5,6,8) (3,4,6,7,8,9) (0,2,6,7,8,9) (0,1,2,3,7) (1,2,3,4,5,6,8,9) (3,4) {206,62,75,93,39,177,211,53,198,174}
[.#.##...#] (0,2,5,7) (0,5,6,8) (0,2,3,4,6,7) (0,2,3,4,5,6,7,8) (1,3,4,5,6,7,8) (1,2,3,4,8) (0,1,3) (4,5,6) {172,155,29,174,40,29,36,25,18}
[.####] (0,1,4) (0,1,2) (0,1,2,4) (1,2,3) {26,38,36,12,22}
[....##...] (3,5) (4,7) (2,3,4,5,7) (0,2,4,7) (1,3,4,5,7,8) (0,2,3,4,5,6,8) (0,2) (5,6) (0,1,3,5) {35,21,32,52,36,60,21,23,22}
[..#####.] (3,7) (1,2,5,7) (0,1,4,5) (1,2,3,4,5,7) (1,2,3,4,7) (1,4,7) (4,6) (1,3,4,5,6) {7,49,17,188,59,26,25,210}
[#..###.] (0,5,6) (0,2,3,4,5) (2,3,6) (3,5) (0,1,2,4,5) (0,1,3) {41,12,33,40,24,36,18}
[#####...] (0,1,4,7) (0,3,4,6) (0,2,3,6) (0,1,2,3,4) (0,3,4,5,7) (5,7) {201,24,14,182,192,32,157,51}
[.####] (1,2) (0,4) (1,2,3) (1,2,4) {176,46,46,19,188}
[#.##.#.] (0,3,5) (0,1,2,3,4,6) (0,2,3,5) (0,1,2,3,6) (2,3,4,5) (1,4) (1,3,6) (4,5) (0,3,5,6) {56,38,46,84,23,48,52}
[#.##.###] (0,1,2,4,5,6,7) (0,1,2,7) (1,3,4) (2,4) (0,2,6,7) (0,2,5,6,7) {214,204,215,10,197,194,206,214}
[.#.##..#] (0,3,5,6) (0,6,7) (0,3,4,5) (0,1,4,5,6) (1,2,4,5,6) (1,2,4) (0,1,4,5) (2,3,4) (0,2,4,5,7) {69,39,43,31,76,65,25,23}
[..#.#.] (0,2,3) (1,2) (0,1,2,3,4) (1,2,3,4,5) {20,39,47,29,21,9}
[##..#.#.] (1,2,3,5,6) (2,5,6) (3,4) (0,1,2,4,5,6) (0,2,3,4,5,6,7) (1,2,3,5,7) (0,2,3,4,6,7) {27,21,32,149,160,27,28,15}
[#.....] (1,2) (3,4) (0,1,3,5) (0,1,4) (2,3) {19,37,37,42,14,14}
[###.##] (1,3,4) (0,1) (3,5) (1,2,3,4) (1,2,3,5) (0,2,4,5) (1,5) (0,4,5) {24,37,38,47,33,69}
[..#..] (0,1,2,3) (0,1,2,4) (0,1,4) {39,39,20,16,23}
[##.#.#.#] (0,5,6) (0,2,4,5,6,7) (0,1,3,6,7) (0,1,2,3,6,7) (1,2,4,5,7) (1,2,7) (2,3,4,5,6,7) (1,3,6) (0,3,7) (0,1,2,3,4) {68,71,69,65,35,49,87,78}
[#########.] (1,4) (0,1,2,3,4,5,6,7) (1,2,3,4,5,6) (0,3,5,6,7,8) (0,3,4,5,6,7,9) (1,3,5,7) (1,2,3,4,5,6,8,9) (4) (2,4,5,6) (0,1,5,6,7,8) (0,1,2,3,4,6,7,9) (6,9) (0,2,3,4,6) {61,70,45,85,85,69,80,76,18,45}
[###.#.] (0,1) (0,1,2,4) (1,2,3,4) (2) (0,1,3) (0,1,2,3,4) (3,4,5) {53,72,50,67,63,20}
[#..#.] (1,2,3,4) (0,1,2,4) (0,2,3,4) (3,4) {25,25,30,27,47}
[..#...#.] (0,1,2,6) (2,3,7) (4,7) (3,6,7) (0,1,2,3,4,5,6,7) (1,3,5) {23,34,23,41,25,31,33,35}
[.#.#] (0,2,3) (3) (1) (2) (0) {170,20,154,165}
[#.##.#] (0,1) (1,3,4,5) (0,1,2,4) (0,5) (5) (1,2,4,5) (0) (0,3) {203,170,150,11,154,28}
[..##.] (0,1,2,4) (2,3) (0,2,3) {13,11,24,13,11}
[##.#..#] (0,1,3,4,6) (0,1,3,4,5,6) (1,2,5) (1,3,4,5) (2,3,5) {22,41,13,48,38,31,22}
[.#....] (0,2,4,5) (4) (0,2,4) (2,3) (0,1,2,5) (0,1,2) {45,36,48,3,10,22}
[...###.] (0,4) (1,2,5) (1,2,4,5) (0,1,3,4,5) (2,3,4,6) (0,2,3,5,6) (0,5) (1,2,6) (1,5,6) {206,201,19,200,207,213,11}
[...###.] (0,3,5) (0,1,4,6) (5) (2,3,4,5,6) (0,1,3,4,5) (0,2,3,4,5,6) (1,3,6) (0,1,2,3,4) {37,30,16,36,35,27,21}
[..##..#..#] (3,4,7,8,9) (4,5,9) (1,3,4,6,7,8,9) (0,1,2,4,5,8,9) (4,5) (4,6) (0,2,3,4,6,7,8,9) (0,1) (3,7,8) (3,4,7) (0,1,2,3,4,5,6,7,8) (0,1,2,5,7,8,9) {48,52,42,48,74,41,40,57,55,42}
[.##..] (1,2) (0,2,3,4) (0,1,3,4) {17,20,19,17,17}
[#.##...#..] (0,4,5,8) (2,3,6,7,8,9) (0,1,6) (3,4,7) (0,9) (0,2,3,4,7,8,9) (2,3,8) (1,4,9) (0,1,2,3,4,5,9) (1,2,4,6,7,8) (0,1,2,4,5,6) (0,1,4,5,6,9) {72,52,56,61,88,33,32,44,56,47}
[...#####] (0,2,3,5,7) (0,6) (1,3,5,6) (3,6) (1,6,7) (0,1,2,3,4,5) (1,2,3,4,6,7) (0,3,4,5,7) {38,142,135,188,145,45,167,153}
[..##.] (0,2,3) (2,3) (1,4) {9,11,9,9,11}
[#..#.###.] (1,2,3,7) (1,2,4,5,7,8) (0,1,2,3,4,5,6) (0,1,2,6,7,8) (0,1,4,8) (0,1,2,5) (3,4) {39,49,48,187,186,25,27,27,22}
[##.###..##] (1,6) (2,5,6,7,8) (0,2,4,5) (0,5) (1,3,4,6,7) (3,8) (2,4,6,7,9) (2,6,8) (1,2,4,6,7) (0,4,8) (3,6) {182,50,62,31,205,35,97,45,196,1}
[..#...#] (0,1,2,5) (2,3) (0,1,2,5,6) (0,1,3,4,5) (2,3,4) (3,4) (0,2,4,6) {45,36,45,41,38,36,24}
[.###] (0,3) (1,3) (1,2,3) {153,28,17,181}
[#.#..#] (3,5) (0,5) (1,4) (1,2) (0,1,2,4,5) {1,199,179,6,20,7}
[.#.#] (0,2) (0,3) (1,2) (0,1,2) {18,10,11,11}
[##..#] (1,2,4) (1,2) (1,3,4) (1,2,3) (2,3) (0,2,3) (2,4) {13,49,69,58,49}
[#..##..##.] (8) (0,1,4,7,8,9) (0,3,4,7,8) (1,7) (1,5) (1,3,4,5,6,7,8,9) (2,3,4,5,8,9) (1,2,3,4,7,8,9) (2,6) {18,38,49,47,52,29,23,44,70,39}
[###...#] (0,5,6) (2,3,4) (0,5) (1,3,4) (1,4,5) (0,3,4,5,6) (1,2,3,4,5) {10,116,8,114,126,25,5}
[##..] (1,3) (1) (1,2) (0,1) (2,3) {13,66,31,27}