0111001001110010010100010
1001110011110110101100010
1101100001101011110110010
0010001100101000100010001
0100000011010001000101101
0010110110111101001100001
1111110011001010101011101
1000110111100100111101110
0011001000001110111011000
1111011110110100110001001
1001010101010100000011010
0101001010010010000011110
1111111111101111010100100
0001001110001001111011110
0101000100011100001101001
1011001101010010110001100
0000001000111111000001001
0101001001011001011111111
1001100100010111001001100
1110011100101110000111110
1011001100110111001100000
0101111111101110011101000
0101111011010001011001111
0100000110110110011110011
1110101010011110110101110