1001010011101000010001000
0100101000010110010000000
0000011000010000000011010
0100101001010000000010100
0000000000100000001101001
1000000110000000010000100
0010000000000000000000100
1000111111000010010001000
0100001001010010000101000
0000011000000101011000000
0000100000000000001100000
0000000001001000001011010
0010000010000010101000000
1001000000100010010000000
1011000001010000000000001
0011111100010001001000000
1000011101000010000000001
1010110000000000000000100
0001000011000000000000011
1001100100000011000001000
0000000000001100010100010
0101101000000100000001010
0101001010000000100011000
0001010000000010011000100
0010000100100000000011101