0110101010111111111110111
0101100001101011111000011
0111110000001010011000111
1111000010001111001001001
1011101000011110100110000
0010011100010000110000100
0101111011101000000100010
1000111111001010011001000
1010100110110100001000010
1100011011110101100100010
0101101111011001010011101
1111111110101001000001010
1011100110010111110111110
0110110010000111110111110
0001011100111011010110010
0010001111111100001100000
0001110010000100111111000
1011110011001001100011011
0110111000101101101011000
0001101101110001100111011
0000101110001100101010001
1110000001101000001111001
1110110000100111000010001
1001011001111111110010100
0101011101011110010100000
